280.636	0
297.474	0
312.067	0
325.538	0.0300568
332.273	0.0929289
341.254	0.176758
346.866	0.262831
352.479	0.348904
353.601	0.366119
355.847	0.446124
358.092	0.526129
363.704	0.564808
376.052	0.631502
382.788	0.671517
394.013	0.718815
395.136	0.723545
398.503	0.735219
407.484	0.76635
408.606	0.770241
420.954	0.798269
429.935	0.824363
431.057	0.827625
436.67	0.854304
438.915	0.859909
453.508	0.896341
459.121	0.910354
465.856	0.914169
478.204	0.921163
496.165	0.931336
504.022	0.935787
508.513	0.937219
538.821	0.946886
554.537	0.951899
560.15	0.952552
583.723	0.955297
612.909	0.958695
631.993	0.960798
645.463	0.962283
662.301	0.964138
667.914	0.964731
688.12	0.966862
697.1	0.956216
700.468	0.952223
722.919	0.954495
727.409	0.95495
743.124	0.952318
762.208	0.953694
772.311	0.951716
795.884	0.947102
797.007	0.946377
818.335	0.932606
820.58	0.931157
832.928	0.912518
839.663	0.904533
850.889	0.891224
856.501	0.8676
863.237	0.839252
868.849	0.780216
871.094	0.756602
878.952	0.365657
881.197	0.253958
882.32	0.238246
889.055	0.143976
896.913	0.0339931
898.036	0.0316253
907.016	0.0126823
917.119	0
