350	0.188406382880798
360	0.18198671385482
370	0.184233039949943
380	0.207671832215547
390	0.250849580058798
400	0.300698648774876
410	0.344093201174929
420	0.395672245192681
430	0.430855358056247
440	0.45043500055086
450	0.462246865267602
460	0.473497361086904
470	0.484553137363547
480	0.511399476326046
490	0.503622289125653
500	0.511761768932658
510	0.520279414853361
520	0.52990761884762
530	0.5349944565042
540	0.539025477681017
550	0.542952311323465
560	0.549294406505054
570	0.554474558737849
580	0.553361350825261
590	0.548756825947843
600	0.548212036123788
610	0.55406664224226
620	0.561236176904782
630	0.563652363814925
640	0.5574543420044
650	0.545730345612908
660	0.534630460649246
670	0.52884097154392
680	0.531369954652567
690	0.537636755351793
700	0.53752392548253
710	0.524740462714497
720	0.506451063513443
730	0.478644478436023
740	0.453549251043496
750	0.439303012933543
760	0.419606933049447
770	0.41343641154606
780	0.407751544426447
790	0.406464379403305
800	0.405177214380163
810	0.397002768000346
820	0.380979651115811
830	0.355144265005711
840	0.322837511307235
850	0.285194943580436
860	0.232789106254799
870	0.148073467230954
880	0.0597868454722201
890	0.0171829799842687
900	0.00631404705564727
910	0.00339819316119281
920	0.00249652658405016
