350	0.192573728439004
360	0.181218485177265
370	0.18242456630032
380	0.207398376835157
390	0.24832578257966
400	0.293541724779205
410	0.340064751572446
420	0.387640759377399
430	0.420242067352237
440	0.436025738819258
450	0.451205994662773
460	0.460051939184809
470	0.470524323442001
480	0.495980820189159
490	0.489267742335477
500	0.497040705712153
510	0.507065657869929
520	0.515958951000893
530	0.521829478349685
540	0.529697827176673
550	0.532492517408661
560	0.537695862182268
570	0.545255161817513
580	0.549395125679935
590	0.546142342468312
600	0.542924099817718
610	0.544971035868248
620	0.553026418902584
630	0.56016678244029
640	0.560955517990968
650	0.552920981571845
660	0.540435268853994
670	0.528707366282974
680	0.525924080137216
690	0.528817079508133
700	0.530423342061575
710	0.525381369442922
720	0.516798663295972
730	0.494902007962033
740	0.470472992384016
750	0.452356029414802
760	0.426030424893176
770	0.41348871732624
780	0.403537100004637
790	0.399450894845117
800	0.395364689685597
810	0.389259825912123
820	0.377613383131058
830	0.356538969458415
840	0.328104573544111
850	0.292865115354605
860	0.242049322490791
870	0.155931864845391
880	0.0638959435561666
890	0.017992098679446
900	0.00653192048086988
910	0.00355051078999918
920	0.0025062507365125
