350	0.169698547495144
360	0.163187154446332
370	0.165419606104747
380	0.184506528173235
390	0.226919213146328
400	0.271765554452649
410	0.317852896494234
420	0.366352713476822
430	0.399579333874348
440	0.416847279490794
450	0.434107140897855
460	0.444086602037628
470	0.455890320468216
480	0.481819198694913
490	0.475917897295926
500	0.484266935900394
510	0.494680562276125
520	0.505162740591376
530	0.512017214638129
540	0.519211252665155
550	0.522552416628666
560	0.529176552930945
570	0.536984131582588
580	0.539021855827919
590	0.535782896531847
600	0.534559062076681
610	0.539127361780076
620	0.547506815726319
630	0.553975066475239
640	0.552089686075524
650	0.542971545112043
660	0.531660488549171
670	0.523324343143639
680	0.525294315946173
690	0.531576121181328
700	0.532851174405637
710	0.524831911036658
720	0.512069499107479
730	0.487106209526088
740	0.461767978578114
750	0.445677583994426
760	0.422125645229718
770	0.413330026908406
780	0.406279428000151
790	0.403709081898303
800	0.401138735796454
810	0.393224313164311
820	0.378805851266682
830	0.354894313712945
840	0.324243392352301
850	0.28777874942098
860	0.236538943463037
870	0.151403275419384
880	0.0619446332919308
890	0.0176611227701648
900	0.00640877020400422
910	0.00346020881234482
920	0.00253630778221783
