350	0.105589933210476
360	0.10011508598146
370	0.101681151939481
380	0.122676250390049
390	0.158536211292149
400	0.200777218166351
410	0.241884191697435
420	0.277838548226265
430	0.30865343048248
440	0.334242313794883
450	0.368725306843167
460	0.403578153292428
470	0.426587400665609
480	0.449867728020993
490	0.469521990259256
500	0.486139852952377
510	0.501818086127738
520	0.510562303285639
530	0.520055271733967
540	0.528592779374475
550	0.533989066836645
560	0.533015894395976
570	0.533879287580429
580	0.538830175165679
590	0.541282762086806
600	0.541947272264724
610	0.53471505003122
620	0.533661042134711
630	0.537015306026076
640	0.545176790276551
650	0.556123666535928
660	0.559126265128088
670	0.544413514191522
680	0.52111377540395
690	0.49905085971186
700	0.481816616407886
710	0.470580662471003
720	0.469153163004511
730	0.470922580822694
740	0.464694320890891
750	0.448789844536006
760	0.426610460431749
770	0.398701534410422
780	0.373739400360346
790	0.356713390460835
800	0.339687380561325
810	0.331292384193883
820	0.324369015535602
830	0.314632830751069
840	0.301073149546961
850	0.280938605541238
860	0.242110775063889
870	0.161090437739663
880	0.0680855440203098
890	0.0208090725412899
900	0.00657103070219434
910	0.00354649791690306
920	0.00227493239004281
