350	0.180291593559919
360	0.169596595328339
370	0.175153629311943
380	0.202079228434809
390	0.238968400957829
400	0.287143768078354
410	0.334751277255284
420	0.386623886626963
430	0.424858377122219
440	0.442022749161451
450	0.461550037293408
460	0.470307587939618
470	0.483047399541241
480	0.491636806846131
490	0.501179932319258
500	0.511060856934726
510	0.517403496306249
520	0.524792180389795
530	0.533753264635938
540	0.538730080776161
550	0.539632079843605
560	0.545304400645854
570	0.552326942598031
580	0.556299015418288
590	0.551129346017765
600	0.547271700819532
610	0.547641696049897
620	0.554487764278187
630	0.563457834120077
640	0.563510220977802
650	0.555701679603629
660	0.541077995656171
670	0.530626722107446
680	0.526794632792421
690	0.528690394303404
700	0.529837385967981
710	0.527647736499196
720	0.519134490980614
730	0.499666486775056
740	0.470749932757667
750	0.444425696013618
760	0.424074915917467
770	0.41014213107727
780	0.399881687478284
790	0.39502968713691
800	0.390177686795536
810	0.381956396193735
820	0.371685120145455
830	0.356419857368625
840	0.333796330159575
850	0.302254696928263
860	0.2498910443273
870	0.158775204598887
880	0.062929498516996
890	0.0166441951872278
900	0.00601916387619842
910	0.00315393979918752
920	0.00211473600423378
