350	0.257679583509147
360	0.286448929485477
370	0.328202856279063
380	0.394044995528976
390	0.467958317029331
400	0.525676198301147
410	0.564761325091189
420	0.59896172616559
430	0.616498198891496
440	0.610869400376057
450	0.621279893453753
460	0.629876163323128
470	0.639544905935702
480	0.648789256755271
490	0.658612136672079
500	0.667520753197738
510	0.670183897522416
520	0.673322731242767
530	0.676059653870904
540	0.67655820270971
550	0.677440008112912
560	0.678825140377156
570	0.678483631473229
580	0.680480056978733
590	0.681967303722563
600	0.68222336655221
610	0.682900699552577
620	0.684760328394946
630	0.685990089676632
640	0.68691709950936
650	0.686903436063871
660	0.685948190056606
670	0.685590231752464
680	0.686354782422467
690	0.68680561272545
700	0.686272517425799
710	0.685071447299912
720	0.684424619845426
730	0.683711188722314
740	0.683600045970108
750	0.68307941495957
760	0.682862751607892
770	0.681025408148733
780	0.678765420464211
790	0.677208683618421
800	0.675651946772632
810	0.673334847766691
820	0.670751889291991
830	0.666372421334262
840	0.660466776720237
850	0.649657885585453
860	0.619457214205397
870	0.493956506396536
880	0.265129936314286
890	0.0911943623784747
900	0.0227499937625623
910	0.00686006267430398
920	0.00248127585408729
