350	0.222146536602809
360	0.240584324395649
370	0.26686665248244
380	0.322487189794343
390	0.377087933165136
400	0.433140758647477
410	0.482561174897385
420	0.522767517082038
430	0.57262343868548
440	0.616490850734604
450	0.633043586407856
460	0.656418148081035
470	0.676596501419244
480	0.697234531235641
490	0.713685124309347
500	0.729966537062601
510	0.739850625218338
520	0.746727513014263
530	0.750746108562108
540	0.751402499973809
550	0.752620515874842
560	0.754032557461476
570	0.753778898932651
580	0.754141323495619
590	0.755171844723227
600	0.755806365146997
610	0.75500690511789
620	0.756052439645111
630	0.756073604216602
640	0.755511339671645
650	0.754701636330231
660	0.753015071722585
670	0.751727990881412
680	0.750655603594064
690	0.748724737612976
700	0.748826680730874
710	0.741417195842715
720	0.746908872648195
730	0.741340821319422
740	0.735399124247708
750	0.75067990892802
760	0.731726482185704
770	0.730617767597169
780	0.756624100263675
790	0.724670571495896
800	0.692717042728117
810	0.712227701104305
820	0.694280724329606
830	0.659163964100902
840	0.686231596310816
850	0.731050256903262
860	0.636107648389782
870	0.342184037045421
880	0.0868848478890027
890	0.0173390989781428
900	0.00395435838279045
910	0.000365570797239209
920	0.000390485173109132
