280					0.0859700019
290					0.1032063003
300					0.118711553
310					0.1304971003
320					0.1478498988
330					0.1809575287
340					0.2457637899
350					0.3352804147
360					0.4459111825
370					0.5475064551
380					0.6226122742
390					0.6670531317
400					0.710786226
410					0.7476618667
420					0.773417833
430					0.8049957197
440					0.8461725131
450					0.8709969145
460					0.894731187
470					0.9163276098
480					0.9394045702
490					0.9574576451
500					0.9726802027
510					0.9831503663
520					0.9890716528
530					0.9908229281
540					0.9945916293
550					0.995039794
560					0.9968491101
570					0.9931341255
580					0.9938173444
590					0.9946081041
600					0.9950703944
610					0.9945443268
620					0.9926471947
630					0.9919722542
640					0.9923336825
650					0.9924373558
660					0.9916127154
670					0.9921478284
680					0.9914107458
690					0.9906658601
700					0.9910555612
710					0.9904459001
720					0.9891980693
730					0.9884351886
740					0.9902806114
750					0.9892333623
760					0.9874537824
770					0.9874428215
780					0.9882524818
790					0.986628089
800					0.9901910753
810					0.9910006304
820					0.9864606096
830					0.9881210518
840					0.9934611712
850					0.9888496278
860					0.9834711854
870					0.8653430344
880					0.5899568814
890					0.2507169906

