350	0.245030496485512
353	0.253812476902974
356	0.259035705844954
359	0.26869062832254
362	0.281018059834624
365	0.291169770642281
368	0.30388525380569
371	0.318701646673763
374	0.339637003884934
377	0.358673288888246
380	0.376440164190949
383	0.402874634029548
386	0.419188056456949
389	0.446356556043482
392	0.463939226170267
395	0.483070701769417
398	0.498825570501559
401	0.514270303487533
404	0.530706271649167
407	0.541117126707503
410	0.552806253391896
413	0.564228552651628
416	0.575842074278621
419	0.586191169121785
422	0.596667923862325
425	0.602401586329992
428	0.606870910098385
431	0.611397672504977
434	0.611205129211319
437	0.612455047908457
440	0.613488821858721
443	0.613176097434877
446	0.616238887145558
449	0.618186040579078
452	0.620482329968741
455	0.624053412566845
458	0.626006914880317
461	0.627950097437232
464	0.631227994583204
467	0.6333749142772
470	0.636500187294278
473	0.639398044493008
476	0.643664287189698
479	0.64839319828302
482	0.650978118034512
485	0.654666245876078
488	0.657432015047803
491	0.660207546752925
494	0.663537230813229
497	0.666566134946178
500	0.669439917401251
503	0.670695997459039
506	0.674939873605922
509	0.676395163479303
512	0.677931145550714
515	0.678924683941669
518	0.680246849951204
521	0.680965495524903
524	0.682309923765693
527	0.683035079777143
530	0.683000052943495
533	0.682674277687432
536	0.682728385039183
539	0.683482559072076
542	0.682500806458536
545	0.683398975443356
548	0.682931447198743
551	0.68285617869805
554	0.68291173304872
557	0.683556230729711
560	0.682711338436494
563	0.683851802240532
566	0.683682942722304
569	0.683520073103161
572	0.683143989327548
575	0.683487838850254
578	0.683754248717439
581	0.683725867630028
584	0.684190579822761
587	0.684412707992354
590	0.684282047021235
593	0.684963726216646
596	0.684754199192374
599	0.684857486283915
602	0.685407918475784
605	0.685247814264939
608	0.685580580979708
611	0.685791902433152
614	0.686384278544923
617	0.686031502133358
620	0.686302433691566
623	0.687029485196391
626	0.687291812946915
629	0.688628101768758
632	0.687892344965706
635	0.687927315386732
638	0.688086454612009
641	0.688216777542304
644	0.687900022008793
647	0.687744928345547
650	0.688086790592461
653	0.689005360288356
656	0.687966418360728
659	0.687699040906324
662	0.687539439095386
665	0.688201966523151
668	0.687279857005264
671	0.686660750202368
674	0.687583562301579
677	0.686961360928519
680	0.687306837085342
683	0.686423217333912
686	0.687052563873813
689	0.686691681151711
692	0.686396200576747
695	0.686041827391253
698	0.686298765335247
701	0.685748729346804
704	0.685897968094916
707	0.6857806636487
710	0.685075502901546
713	0.685041026349742
716	0.685233199777582
719	0.68517867593404
722	0.68538960891172
725	0.685062143037215
728	0.684798978443094
731	0.684685225501387
734	0.684419692943654
737	0.684518758323785
740	0.684647737811501
743	0.683712599624988
746	0.684274918155163
749	0.684786084860159
752	0.68528673576278
755	0.685205930645962
758	0.685363242729205
761	0.684761524336968
764	0.683946119948542
767	0.684157371919314
770	0.683366478329506
773	0.683412507031506
776	0.683786819995404
779	0.683637330539644
782	0.683498379238092
785	0.683354331081338
788	0.683799025714627
791	0.683567491233101
794	0.682916031275974
797	0.682534514565345
800	0.682152997854716
803	0.6820535256003
806	0.681548361058367
809	0.681075707236495
812	0.680804899812286
815	0.680407816653539
818	0.680030910098431
821	0.679256211000057
824	0.678011712326243
827	0.676718274962837
830	0.675248529013337
833	0.673978173059005
836	0.672458600169966
839	0.671465879242523
842	0.669981512259369
845	0.668451128073072
848	0.666659735772882
851	0.664342017647464
854	0.660297199653522
857	0.653197427556121
860	0.640131953929188
863	0.616733321768166
866	0.580610078906032
869	0.530537604308552
872	0.469213480116031
875	0.397273502029473
878	0.319980528904797
881	0.24933032024133
884	0.183080110229096
887	0.125267467155918
890	0.0821458515289196
893	0.0517119301168446
896	0.0317103773177979
899	0.0201113294886324
902	0.0129126606464681
905	0.00849568895156921
908	0.00572806302012729
911	0.0039845164858625
914	0.0028583584116619
917	0.00215706365694894
920	0.00167886534077951
923	0.00136087077315768
926	0.00107493763249862
929	0.000895232568000775
932	0.000684691324514508
935	0.000605327421144879
938	0.000511487877780436
941	0.000457649121731119
944	0.000397467725686288
947	0.000348136859373369
950	0.000313383887396588
953	0.000248877223546797
956	0.000273304920168066
959	0.000255114145015964
962	0.000196762368005265
965	0.000193645454900792
968	0.000186533012026715
971	0.000183859145394052
974	0.000180207003102797
977	0.00015436593351464
980	0.000152254798061249
983	0.00015390115234025
986	0.000118854903898554
989	0.000123234569831123
992	0.000125318274211283
995	0.000136219047848432
998	0.00013285430695562
1001	4.24106791682393E-05
