350	0.243428664902795
353	0.251583746675261
356	0.257413613036343
359	0.264525629643918
362	0.277676527919317
365	0.287592048487813
368	0.301667311319267
371	0.316089374020764
374	0.339385356524482
377	0.356881857323335
380	0.370841050852125
383	0.399778711730919
386	0.415718317152506
389	0.43994625270479
392	0.461445601642876
395	0.479169108324568
398	0.496056303693988
401	0.511854492687736
404	0.528362971516137
407	0.538910783975679
410	0.549281404130073
413	0.561798989207628
416	0.573533323819812
419	0.583596811374762
422	0.595079659294977
425	0.600224056860913
428	0.605978519773479
431	0.60969251735844
434	0.6100457276861
437	0.610906106160504
440	0.613118281892427
443	0.612417994503606
446	0.616044924415805
449	0.618000183763797
452	0.619770255014628
455	0.623454008308437
458	0.625350544368946
461	0.62731815025315
464	0.630467930551114
467	0.632607201052857
470	0.636041864520624
473	0.639057807116418
476	0.643105298627875
479	0.648010465675683
482	0.650543845277596
485	0.654184071256097
488	0.656899926911324
491	0.659574702199255
494	0.663143712056849
497	0.666022723096698
500	0.669222646365178
503	0.670239676326341
506	0.67465824038821
509	0.676395163479303
512	0.67809237637664
515	0.679027638344872
518	0.680045923566659
521	0.680919045297455
524	0.682067654885198
527	0.683365904757408
530	0.683275170096835
533	0.682721480748984
536	0.682588835682576
539	0.683572303295531
542	0.682371310195148
545	0.683530810964934
548	0.683185796168924
551	0.683316602126143
554	0.683321610386397
557	0.683917390371002
560	0.683229509551818
563	0.683971430310994
566	0.684264457918286
569	0.684550829860098
572	0.683896054117523
575	0.684715811187922
578	0.684967407830857
581	0.684451739935969
584	0.685090616622935
587	0.685662756357675
590	0.68555307199201
593	0.686294602380106
596	0.686038247449796
599	0.68671650120254
602	0.686704350622965
605	0.686874865288228
608	0.687063680871604
611	0.68726109835259
614	0.687911296871007
617	0.687948062309768
620	0.68820726972511
623	0.688731811760669
626	0.688852256690663
629	0.69064086745081
632	0.689637163953567
635	0.690113600130356
638	0.690333597058321
641	0.690137008416755
644	0.689684423190915
647	0.689966866836179
650	0.690177966964087
653	0.691098036566441
656	0.690239555414771
659	0.689902591273878
662	0.689735156747149
665	0.690453777569918
668	0.68982873017728
671	0.688953202002125
674	0.689758561879758
677	0.689204612182092
680	0.689748296198107
683	0.688674935109512
686	0.689496234910825
689	0.689258581063569
692	0.68884110194469
695	0.688305491607239
698	0.688320726912491
701	0.687869368912987
704	0.688026046212497
707	0.688361093811304
710	0.687411329703285
713	0.687450918843815
716	0.687655203169982
719	0.687356125660959
722	0.687447987965144
725	0.68726307236096
728	0.687140701761878
731	0.686645797538486
734	0.686391180111544
737	0.68670411225362
740	0.68657885104845
743	0.685654875162925
746	0.68623182948351
749	0.686826027992118
752	0.686932919151951
755	0.686658405526965
758	0.686688939354099
761	0.686166955791389
764	0.685643072844825
767	0.685439888894869
770	0.684365957112299
773	0.68454708257239
776	0.684489328104807
779	0.684191589956394
782	0.6839086744938
785	0.683623468602389
788	0.684068258849995
791	0.683773581985022
794	0.683119830241345
797	0.682812191908049
800	0.682504553574753
803	0.682278075918499
806	0.68174931914441
809	0.681254476332553
812	0.680862206117084
815	0.680585921724556
818	0.680137891266501
821	0.679202476031811
824	0.677981951102371
827	0.676578844145992
830	0.675046144187354
833	0.673671370185131
836	0.672176685411314
839	0.670880852127948
842	0.669423981975231
845	0.667881701486472
848	0.666233900823959
851	0.664278001978729
854	0.660581296310241
857	0.653820789824086
860	0.640809235063387
863	0.617206628333655
866	0.58057857111952
869	0.530182497520351
872	0.469282644228619
875	0.39818077950772
878	0.32128346399435
881	0.250725460336894
884	0.18488378750952
887	0.127182770523502
890	0.0844372275434398
893	0.0536778398628269
896	0.0329874335366164
899	0.0206569573760554
902	0.0129720585834327
905	0.00848898256841312
908	0.00580404375378704
911	0.0040742891790953
914	0.00292456617291208
917	0.00220314799018543
920	0.001709502377242
923	0.00130163567437744
926	0.00106732220647896
929	0.000872617879256349
932	0.000706010538026447
935	0.000601178183144786
938	0.000528909064112162
941	0.000460020961168104
944	0.0003951052075606
947	0.000335063839339259
950	0.000303614890707494
953	0.000303360148849518
956	0.000261382065199091
959	0.000239387088076545
962	0.000211882270254915
965	0.000230877153238479
968	0.000182055552367374
971	0.0001909143994135
974	0.000178682043123633
977	0.000163763429629874
980	0.000140795362502459
983	0.000141682647448367
986	0.000159576996607062
989	0.000132668776260805
992	0.000118960166908101
995	0.000137167413998316
998	9.57170159479116E-05
1001	5.04493210818909E-05
1004	2.37974698663312E-05
1007	4.3145125502125E-05
1010	2.51220157504281E-05
1013	5.73842540609503E-05
1016	3.93962999357316E-05
1019	3.77902706215416E-05
1022	4.08495476348326E-05
1025	2.21760281678212E-05
1028	2.67975452374674E-05
1031	2.11412825610634E-05
1034	3.84031160251547E-05
1037	2.18793455208371E-05
1040	2.73396267811103E-05
1043	1.8112170196499E-05
1046	1.98077140615672E-05
1049	4.08787915652329E-05
1052	3.57533138405434E-05
1055	1.72085550367817E-05
1058	3.04870002210789E-05
1061	2.39538481618222E-05
1064	2.68555401902461E-05
1067	2.68396484000594E-05
1070	2.08134902617944E-05
1073	1.50524745871166E-05
1076	1.97023492307321E-05
1079	1.91253155612738E-05
1082	2.8565199913379E-05
1085	2.12680494085838E-05
1088	1.26320982932868E-05
1091	2.80127017832009E-05
1094	1.19339875933351E-05
1097	1.15091849146854E-05
1100	1.17355582986605E-05
