350	0.244928166773411
353	0.253494163168079
356	0.260273918196266
359	0.270495259222996
362	0.283915893777694
365	0.289037854395806
368	0.303469341137404
371	0.318788941579254
374	0.341609004109562
377	0.362132720048047
380	0.375657290401964
383	0.404566064748799
386	0.421043108603416
389	0.446775441801281
392	0.46533790195431
395	0.484392092763386
398	0.501050548849418
401	0.517147294939566
404	0.532805819408218
407	0.541990792142395
410	0.554328637796019
413	0.56468096602926
416	0.577015319892018
419	0.586340395211488
422	0.597057218905393
425	0.60243530291532
428	0.608306494534105
431	0.611701435173298
434	0.611495587245415
437	0.612675496546742
440	0.613806110572374
443	0.613882319020293
446	0.617110196161933
449	0.618511046737738
452	0.620794037746819
455	0.624353114696049
458	0.625801906767842
461	0.629253747329429
464	0.632027138507814
467	0.634143394447821
470	0.636993253891096
473	0.640588518668118
476	0.644289526247737
479	0.649031532037214
482	0.651910469740514
485	0.654970777215013
488	0.658261082609293
491	0.661467208769279
494	0.664153939312033
497	0.667549996399973
500	0.670710117304446
503	0.67150056366669
506	0.675608752497989
509	0.677536903215944
512	0.678676143160166
515	0.679802505695293
518	0.681256769410366
521	0.682049334165358
524	0.683657544413443
527	0.684402818874657
530	0.684013642455803
533	0.683396484529169
536	0.683459816149678
539	0.684337490884988
542	0.683250034839573
545	0.684312731989469
548	0.683783739361981
551	0.684070819551211
554	0.684184510044666
557	0.684809667131839
560	0.684027660221391
563	0.685072833580416
566	0.684768708857459
569	0.684935859621445
572	0.684616453021604
575	0.685165546279744
578	0.685485125414291
581	0.685181432622468
584	0.68581291506341
587	0.686411288312957
590	0.685942161268778
593	0.686540924763951
596	0.686420188149595
599	0.686785086218956
602	0.686908484966582
605	0.686942363038103
608	0.687332051328232
611	0.687797582781406
614	0.688179745298195
617	0.687750514515816
620	0.688076376833112
623	0.688862231940996
626	0.688852256690663
629	0.690511451044857
632	0.68970492391426
635	0.689857184018449
638	0.689882822974779
641	0.689942639497526
644	0.689620933261214
647	0.689460518034716
650	0.689606134951496
653	0.690652927643801
656	0.689481843063423
659	0.689209858373899
662	0.688984596590324
665	0.690014559694712
668	0.689144250169449
671	0.688271311240157
674	0.689135735913593
677	0.688393640883424
680	0.689059174674343
683	0.687986637099503
686	0.688619272320929
689	0.68825742444833
692	0.688151008816641
695	0.68748833189026
698	0.687940161312846
701	0.687430841595289
704	0.687273993914771
707	0.68754274767278
710	0.686402226056641
713	0.686563413608067
716	0.686890184167417
719	0.686524064748362
722	0.686739365668063
725	0.686876468442767
728	0.686554418776681
731	0.68605625489796
734	0.68580180195471
737	0.685975660943675
740	0.686110914025392
743	0.685387943985921
746	0.68555947296925
749	0.686283945201807
752	0.686724450513147
755	0.68624186036159
758	0.686130174660962
761	0.685813758357817
764	0.685291084798653
767	0.685155716037312
770	0.684077717912767
773	0.684193690190803
776	0.684349562093512
779	0.684398078758713
782	0.683976462405613
785	0.683690752982652
788	0.684475651094301
791	0.683908606960418
794	0.683531003592531
797	0.683154780837359
800	0.682778558082186
803	0.682560842180488
806	0.682039659669221
809	0.681649254356408
812	0.681362123177021
815	0.68094656157396
818	0.680739948589356
821	0.679897243888181
824	0.678633244334813
827	0.677363479345406
830	0.675829001899416
833	0.674665931876712
836	0.673082074622108
839	0.671862651499907
842	0.670521815049383
845	0.668852793065329
848	0.667083103943558
851	0.664860021684515
854	0.660869071851778
857	0.653679386544621
860	0.64046127005064
863	0.616993594248682
866	0.580612513367715
869	0.530435973664651
872	0.469087162472246
875	0.397227279088448
878	0.319925450259974
881	0.249324068532322
884	0.18300176654478
887	0.125403531889379
890	0.0825347508457116
893	0.0520038499350466
896	0.0320070635360643
899	0.0200896818766628
902	0.0128221273858672
905	0.00841648928732276
908	0.00572688013592269
911	0.00399676168678093
914	0.00283977379799408
917	0.00213563721494385
920	0.00168986339796177
923	0.00130385275635544
926	0.00107274069965643
929	0.00084686611870204
932	0.000715960001585826
935	0.000566530504581288
938	0.000505842232397432
941	0.000443015545644638
944	0.000374676785993564
947	0.000327487825068379
950	0.000287502406920831
953	0.00027485210428648
956	0.000255918473970269
959	0.000219677964120346
962	0.000205771030210229
965	0.000193674767240835
968	0.000200556564847285
971	0.000183113105110325
974	0.000207443210909634
977	0.000168463053279719
980	0.000158140271340045
983	0.00015266161281035
986	0.00013922000790085
989	0.00013581435053093
992	0.000129257674979885
995	0.000132255429906484
998	9.38735060999604E-05
1001	4.67271307063812E-05
1004	6.46861124304178E-05
1007	3.8156538740553E-05
1010	4.6221038497964E-05
1013	3.16915314704846E-05
1016	3.40145029623423E-05
1019	4.63203924554441E-05
1022	2.54945728394242E-05
1025	2.529075725522E-05
1028	2.83369362219805E-05
1031	2.62220756614481E-05
1034	2.88374652962829E-05
1037	1.8555629217604E-05
1040	1.63365911100306E-05
1043	3.81663460367282E-05
1046	1.98141777389286E-05
1049	2.05716884893877E-05
1052	2.58960399406469E-05
1055	2.92413013681718E-06
1058	2.56719671755778E-05
1061	1.76940957836969E-05
1064	2.63555050742441E-05
1067	1.04562721222375E-05
1070	3.54861696598816E-05
1073	1.88088851010856E-05
1076	1.82378223100439E-05
1079	2.02298764359235E-05
1082	1.52530432381309E-05
1085	1.74954525629037E-05
1088	1.25145523522569E-05
1091	8.06716234258645E-06
1094	2.00453668041293E-05
1097	2.92725274911505E-05
1100	1.24562164708814E-05
