350	0.256173001617107
353	0.26396807366309
356	0.270918191134014
359	0.281629561696593
362	0.29240090574038
365	0.303862195268182
368	0.317054141962584
371	0.332373709026543
374	0.357135118317891
377	0.376010476677526
380	0.39193480222255
383	0.421634412953239
386	0.438202340958231
389	0.464719967167603
392	0.484842793088722
395	0.503327216533054
398	0.519078111389493
401	0.534976021743062
404	0.552291670951492
407	0.561901878124347
410	0.573564713156501
413	0.584278063062635
416	0.596967058931581
419	0.605425790309118
422	0.616255533386757
425	0.621024380292642
428	0.625244517792449
431	0.628620250010503
434	0.627547343372343
437	0.628277458857393
440	0.630099884479434
443	0.629938007357988
446	0.632847580575413
449	0.635075657033739
452	0.636814324329111
455	0.640184386149766
458	0.642272327434407
461	0.644655699931263
464	0.64769498521338
467	0.650051394147446
470	0.652855657241221
473	0.656302207150848
476	0.66222408766089
479	0.66447398980771
482	0.667992234501858
485	0.671548701978301
488	0.674545454414089
491	0.677505297886583
494	0.680452663923282
497	0.683697908516621
500	0.686543047676723
503	0.687477807536547
506	0.692119499886365
509	0.693869490148588
512	0.694849262905666
515	0.696394420569344
518	0.697293867418948
521	0.698146918544301
524	0.699541297890856
527	0.700316981731296
530	0.700351740070858
533	0.699738184438271
536	0.700210550989376
539	0.70095906574487
542	0.699746933822019
545	0.700914915603427
548	0.700084384766742
551	0.700295264160221
554	0.700562345558606
557	0.700938631818214
560	0.700128573990301
563	0.701082369492874
566	0.701291060195048
569	0.700998819977606
572	0.700694806584126
575	0.701125275929504
578	0.701364373682287
581	0.70117736601708
584	0.701646755745457
587	0.701939583725277
590	0.701917055289218
593	0.702706290760455
596	0.702272545956521
599	0.702346665469819
602	0.702551622035329
605	0.702662233732549
608	0.703158845888887
611	0.703313554006968
614	0.703938016608463
617	0.703679105059727
620	0.703976418661032
623	0.70477006183097
626	0.70507131092
629	0.706426263282136
632	0.705730154618305
635	0.705687505032464
638	0.705861755040618
641	0.705988128898702
644	0.705683885475554
647	0.705470467638881
650	0.705903347310336
653	0.706935942112324
656	0.705827253612151
659	0.705505575163893
662	0.705371826680994
665	0.706268898822689
668	0.705307756640072
671	0.704620454033044
674	0.705433558839735
677	0.704861590319279
680	0.705584965120431
683	0.704364852128141
686	0.705031939218709
689	0.704659980534713
692	0.704384628114543
695	0.704016046165931
698	0.704287935767156
701	0.703473087202434
704	0.703500589561327
707	0.703592891292862
710	0.702680225864794
713	0.70285761085765
716	0.70326626779437
719	0.702903586422969
722	0.703216521271125
725	0.702917139785318
728	0.702677200869621
731	0.702467476774934
734	0.70210448430457
737	0.702185436997831
740	0.702230296849545
743	0.701400302353837
746	0.70202866885013
749	0.702607056591627
752	0.702905930028536
755	0.702755159569797
758	0.70298806893234
761	0.70244714999508
764	0.701545522257152
767	0.701772349971332
770	0.700784361386942
773	0.700725013809456
776	0.700764712314799
779	0.700634619319979
782	0.700377569279462
785	0.700171884863858
788	0.700757170701525
791	0.700445613157651
794	0.700374809309411
797	0.699800996602567
800	0.699227183895723
803	0.699064087214419
806	0.698469898311463
809	0.698102556906861
812	0.69773122451515
815	0.69722975370981
818	0.696644153342034
821	0.695743584233089
824	0.694445227835202
827	0.693267241538654
830	0.691716515307377
833	0.690494620103807
836	0.689048339837347
839	0.687703469641595
842	0.685951166354294
845	0.684075095343068
848	0.682131263297481
851	0.679770470494189
854	0.676105122941077
857	0.669760578531241
860	0.657770555375398
863	0.635125843471874
866	0.598393940029488
869	0.546734298948322
872	0.483190810719814
875	0.409321251467875
878	0.329814959196951
881	0.257194079293126
884	0.188105885919486
887	0.128311285686402
890	0.0842269082647242
893	0.053925863342053
896	0.0337865120107906
899	0.0215357821921401
902	0.0135153844155666
905	0.00865806248720041
908	0.00578840436909721
911	0.00409161039042099
914	0.0029615455317515
917	0.00227760119431292
920	0.00176224566067754
923	0.00137207865186322
926	0.00110618174663645
929	0.000892271914345304
932	0.000761775264572167
935	0.000633478219544931
938	0.000541343194286489
941	0.000466424701983413
944	0.000410401757663488
947	0.00034606055645517
950	0.000323073586620607
953	0.00028569970254822
956	0.000250246004685662
959	0.000243747433720676
962	0.000223900415370852
965	0.000208215610238992
968	0.000179176692008703
971	0.000184800149015252
974	0.000171269872472933
977	0.000161261784295021
980	0.0001461369163023
983	0.000140989294876729
986	0.000130659869489386
989	0.000130761205967555
992	0.000135785790445337
995	0.000121571535902164
998	0.000114079785215346
1001	3.60539843799335E-05
1004	4.44129951585583E-05
1007	4.49831297034742E-05
1010	3.39398397540752E-05
1013	3.81624337063997E-05
1016	3.15071522702666E-05
1019	3.91821185864349E-05
1022	3.77750814433484E-05
1025	3.86518424224327E-05
1028	3.19197244914386E-05
1031	2.73180876150884E-05
1034	2.07391638841332E-05
1037	2.65722258472237E-05
1040	2.30382602290538E-05
1043	2.03067473916088E-05
1046	1.96659426314693E-05
1049	2.57284434114783E-05
1052	1.78110276783951E-05
1055	2.45262535653992E-05
1058	1.48868670566398E-05
1061	2.42835387878361E-05
1064	2.04616053217892E-05
1067	2.4628586202091E-05
1070	1.51009317389309E-05
1073	1.89622971816494E-05
1076	2.21576739932777E-05
1079	2.24158054905492E-05
1082	1.88199597121153E-05
1085	1.91527945980663E-05
1088	1.7909014220305E-05
1091	2.30105301888507E-05
1094	1.23948076774317E-05
1097	1.7432543672998E-05
1100	2.34043571135322E-05
