350	0.186222633832415
360	0.180025125645496
370	0.184322764337864
380	0.206266120671125
390	0.240731791922206
400	0.287897617440581
410	0.330579171889059
420	0.381228096426886
430	0.411402369828398
440	0.429617934534841
450	0.447499961907174
460	0.455411961604028
470	0.465540636707695
480	0.473342751444656
490	0.481914160500183
500	0.491022270731426
510	0.497658559667887
520	0.505922901979028
530	0.511764746983655
540	0.519951292169679
550	0.528860676812328
560	0.533064669934635
570	0.538869361676999
580	0.547051128136316
590	0.551797134277949
600	0.558680351900612
610	0.564134573360422
620	0.57130673863907
630	0.578851925789012
640	0.586469471426726
650	0.594518102350895
660	0.603837381494117
670	0.611193719954156
680	0.62263157347801
690	0.632145368955662
700	0.639632418714957
710	0.646041867975166
720	0.651194255635281
730	0.655814597206154
740	0.660232883478925
750	0.664838828302656
760	0.668868038693449
770	0.670652514010673
780	0.673468149010843
790	0.676361172788201
800	0.67925419656556
810	0.679285268744543
820	0.678773669093894
830	0.676184889372013
840	0.670906414611061
850	0.663389929481145
860	0.642324746145146
870	0.476957048013456
880	0.200235597266507
890	0.0298330416949811
900	0.00463048024258138
910	0.00089237224051165
920	0.000481192444576539
