350	0.0879940973830393
353	0.0856075626243061
356	0.0821149288382459
359	0.0767834378890499
362	0.0742938405224993
365	0.0738158559734691
368	0.0705599485200295
371	0.0678322963997954
374	0.0699062965853891
377	0.0683019425675724
380	0.0671827733381646
383	0.0679961401800672
386	0.0686367673423947
389	0.0688246930701142
392	0.0692139113457195
395	0.0696455001113478
398	0.0681454608405136
401	0.0692298667619594
404	0.0698934698042658
407	0.0707540094492519
410	0.0746382619750797
413	0.0803943085143131
416	0.0860895515734844
419	0.0946306371219997
422	0.103056073960715
425	0.111510835091461
428	0.119933111435004
431	0.129278382967725
434	0.138806370550416
437	0.146949295575913
440	0.154678110134291
443	0.164482531182592
446	0.172167158894378
449	0.18067207271599
452	0.188121017848331
455	0.196046989056487
458	0.202542913226842
461	0.210293720191306
464	0.217330410465461
467	0.223894190451717
470	0.230402270711525
473	0.236305050311374
476	0.241953143634825
479	0.24885574792535
482	0.255126694779431
485	0.260480671792215
488	0.266529815812782
491	0.272258910392828
494	0.278553437102432
497	0.283830880156183
500	0.2889757692967
503	0.294491762488692
506	0.299836347176724
509	0.305330274789492
512	0.310659759684085
515	0.316194878610255
518	0.321677367659332
521	0.32656332394646
524	0.331312060985235
527	0.335962472405865
530	0.340646192415702
533	0.344890051443404
536	0.349955641560432
539	0.354599931911931
542	0.358526830817655
545	0.362957488787128
548	0.36623938774191
551	0.371349919802438
554	0.37474399298641
557	0.379183764283726
560	0.382274280626315
563	0.38589869214766
566	0.390137747174171
569	0.394765123423986
572	0.398285977049298
575	0.401394491070944
578	0.404786026400137
581	0.409855200417343
584	0.412589034484839
587	0.416646347773499
590	0.419307547184056
593	0.423245699341398
596	0.425657081929284
599	0.429939940705765
602	0.43334138992249
605	0.437215428537901
608	0.440520233778339
611	0.444850049118623
614	0.449294571167084
617	0.453040422127162
620	0.457284615698846
623	0.461530574253445
626	0.4661924571485
629	0.470321474828028
632	0.474204843742124
635	0.478572461836542
638	0.482391196814829
641	0.485601907483432
644	0.490259380180117
647	0.492574415731922
650	0.494056784808694
653	0.497548585710515
656	0.500130134545263
659	0.502520199844412
662	0.505079457376375
665	0.508005835565027
668	0.510296765851543
671	0.511757106582762
674	0.51454566242806
677	0.516990928537828
680	0.519120904474146
683	0.522951830742828
686	0.526488354800736
689	0.529881399686035
692	0.530365303591076
695	0.532463048899639
698	0.532204323358764
701	0.534414477622593
704	0.537526546363169
707	0.54254703060335
710	0.546890362530323
713	0.552419693038829
716	0.553926747765078
719	0.553355582610841
722	0.552648167587192
725	0.551677666531708
728	0.55494329543221
731	0.56105993767767
734	0.570284442090129
737	0.580222172510926
740	0.587473623717873
743	0.589110754453872
746	0.586759389505415
749	0.582800354240401
752	0.580713930925607
755	0.583182662722287
758	0.591609104901014
761	0.606329165773396
764	0.623904786006873
767	0.637336015277765
770	0.643529354228026
773	0.641566306000005
776	0.629958551491536
779	0.61674039041688
782	0.60333012713582
785	0.594743116582577
788	0.596987275333696
791	0.607548941254173
794	0.624023101725207
797	0.645394493328153
800	0.6667658849311
803	0.668172444988542
806	0.663833590694399
809	0.65345186138136
812	0.640113614485587
815	0.625821397049582
818	0.613682099125075
821	0.60782479126969
824	0.609553848025869
827	0.619837295650053
830	0.636219514777496
833	0.655956378226769
836	0.674604539056914
839	0.686506038572113
842	0.688885617473731
845	0.67978243915325
848	0.657961569990753
851	0.624424689928117
854	0.580484941141717
857	0.529813320755353
860	0.477728393423061
863	0.428682788378207
866	0.391007146700981
869	0.367807122599477
872	0.356292406089297
875	0.346938321076527
878	0.329285797619158
881	0.303467566474408
884	0.273045505859592
887	0.238006783247854
890	0.198137990535848
893	0.15375149987851
896	0.111328636809416
899	0.080779916539257
902	0.0685896847512077
905	0.0710863820878282
908	0.082988044027174
911	0.0991210704933525
914	0.113533838083599
917	0.120654626214108
920	0.1185684278978
923	0.109859986316088
926	0.0956945195797467
929	0.0769537506784483
932	0.0554318009877301
935	0.0338402951917838
938	0.0175054416530493
941	0.00830864202619616
944	0.00459053112403014
947	0.00339991903027857
950	0.00300567156361739
953	0.00309392027205988
956	0.00362157328427831
959	0.00452256246494508
962	0.00585539294451516
965	0.0070889222864154
968	0.00794246073256558
971	0.00824937691437921
974	0.00815765419940684
977	0.00763364919460077
980	0.00671490877558595
983	0.00540048749190442
986	0.00405011990919475
989	0.00286890794693193
992	0.00209544669087177
995	0.00166529256819049
998	0.00141791087354856
1001	0.001239437706403
1004	0.00118103741254284
1007	0.00121134815852582
1010	0.00133014392857512
1013	0.00154954276569933
1016	0.00191099626352842
1019	0.00233713408142283
1022	0.00280521418316116
1025	0.0030942179376391
1028	0.00321120694148676
1031	0.00316602545735326
1034	0.00297153276533099
1037	0.00267534085531466
1040	0.00222784906818291
1043	0.00168638517551791
1046	0.00120094414116296
1049	0.000894978679381793
1052	0.000686214843609954
1055	0.000552358047083812
1058	0.00049759321102029
1061	0.00044836504904734
1064	0.000410840837833322
1067	0.000400516522656554
1070	0.000401433370406933
1073	0.000418356942931734
1076	0.000449866140489749
1079	0.000498230068410069
1082	0.000568813043757426
1085	0.000645278206553221
1088	0.000742416763800299
1091	0.000799184748964999
1094	0.000811876162571294
1097	0.000791612127778678
1100	0.000731457851634031
