350	0.0839155017783649
360	0.0723448462148919
370	0.0635638192854701
380	0.06286678102944
390	0.0638826977124763
400	0.0652848870270467
410	0.0697872802872881
420	0.0910674719494737
430	0.116610200560206
440	0.142064066177195
450	0.168485270068125
460	0.195016207764076
470	0.214721006476597
480	0.235205978790529
490	0.253607401591195
500	0.272529962558109
510	0.288173013990512
520	0.303191124241496
530	0.320177793433297
540	0.335796715627931
550	0.349684108589379
560	0.364277209718811
570	0.377278997621249
580	0.391373676332163
590	0.403991560773301
600	0.417046946978223
610	0.429382998340032
620	0.442727546279898
630	0.458521594786974
640	0.472122826400804
650	0.482162948002358
660	0.490273682962857
670	0.498146700129237
680	0.505830940250132
690	0.514689846882739
700	0.519398644219481
710	0.530785418083106
720	0.538061141228361
730	0.540805188695435
740	0.569745696553815
750	0.571330495174453
760	0.579851685506898
770	0.626416133514681
780	0.604766254600336
790	0.5815223779364
800	0.558278501272465
810	0.55459147010567
820	0.51732167864161
830	0.524920384544017
840	0.578216189183047
850	0.560863245594465
860	0.427240698978605
870	0.294568963111798
880	0.252173430550398
890	0.178273225418607
900	0.0748762055651375
910	0.0678161789826799
920	0.0841695334551702
930	0.053584908292496
940	0.00958666886002327
950	0.00221345307675114
960	0.00272750607815019
970	0.00504498162317257
980	0.00478869762908798
990	0.00216645229926936
1000	0.000951607933207149
1010	0.000749930314899066
1020	0.00126955822643731
1030	0.00187233116501671
1040	0.00149244364441998
1050	0.000625372836200214
1060	0.00028325221068806
1070	0.000234558209491815
1080	0.000271700180108263
1090	0.000379278794397924
1100	0.000395385922332779
