350	0.269185855306582
360	0.306596868804982
370	0.349387574622606
380	0.43132031487522
390	0.494347939076294
400	0.555154265120038
410	0.594494818318576
420	0.622989767804896
430	0.635350378409157
440	0.630474769620171
450	0.637551709571781
460	0.644425214999226
470	0.655112552305974
480	0.666559029591871
490	0.677344032645418
500	0.686608546260069
510	0.688616488037371
520	0.69282514885498
530	0.691386922605329
540	0.693620095212217
550	0.693793016749816
560	0.694858850515352
570	0.694520424869001
580	0.696147746140565
590	0.697371268537502
600	0.697784300606371
610	0.698685644925476
620	0.700120653398103
630	0.70133587326598
640	0.702125071589388
650	0.70243800313201
660	0.701905528993181
670	0.701481148460942
680	0.701584733305103
690	0.701750174469645
700	0.701544018343728
710	0.701278001716646
720	0.701163382341672
730	0.700793195607721
740	0.700231495999917
750	0.700176021225735
760	0.699265393967612
770	0.697417583501601
780	0.69558771017451
790	0.695324502525633
800	0.695061294876755
810	0.692633320390886
820	0.689284635587943
830	0.684039464824529
840	0.67808936667137
850	0.669124898645283
860	0.645751100575804
870	0.487958934451324
880	0.21542500922391
890	0.0383241494216313
900	0.00739955409714282
910	0.00178464791423668
920	0.000855490508006691
