350	0.194767575179403
360	0.218390801419618
370	0.240328804741098
380	0.292658404399809
390	0.332888090873851
400	0.382861474879908
410	0.427410143265359
420	0.459794826805699
430	0.501119065502973
440	0.543645857348945
450	0.57049594144339
460	0.596759738151454
470	0.620615282550712
480	0.644357101012232
490	0.663400443292557
500	0.67728258596226
510	0.68193438555477
520	0.689979435587781
530	0.690604536030406
540	0.694380583553681
550	0.694255086939399
560	0.695344997426322
570	0.69489172065148
580	0.695657243990244
590	0.695693018140778
600	0.694775030315277
610	0.694975086158383
620	0.69512394682856
630	0.694915022269568
640	0.694223165295631
650	0.693412164911443
660	0.690849738071986
670	0.689260194968583
680	0.686566141324276
690	0.685221276098041
700	0.681227384267708
710	0.67790045830244
720	0.674786065003631
730	0.671920659338244
740	0.668181876029691
750	0.674228896797033
760	0.651485197092958
770	0.681558942071325
780	0.639767827485812
790	0.662466581948162
800	0.685165336410513
810	0.673554270505662
820	0.698781175787526
830	0.671559390891222
840	0.632151807286527
850	0.686134199122266
860	0.641413066666656
870	0.396324480582081
880	0.188563557559024
890	0.0955501250884881
900	0.0219022292944083
910	0.00720439526588462
920	0.0075684716948232
