Run Id		
Device	W1715B100	
Curve	Illuminated IV1	
Size [cm2]	1	
Temperature [C]	24.4	
Material	None	
Date	6/27/2013	
Time	2:38 PM	
Temperature Corrected	no	
Irradiance [W/m2]	969.63769091813	
Irradiance Corrected	yes	
V [V] 	I [A]	
-0.099929094314575	0.0272772588787816	
-0.092087745666504	0.0272649449316996	
-0.084188175201416	0.0272505086867352	
-0.076325511932373	0.027238187289073	
-0.0684475421905516	0.027230949050023	
-0.0605934619903562	0.0272303172407884	
-0.052722358703613	0.0272324153242846	
-0.0448665618896482	0.027236103734209	
-0.0369914531707762	0.0272441768108148	
-0.0291385173797606	0.0272549436448354	
-0.0212665557861328	0.0272617601810234	
-0.013412618637085	0.0272706081180112	
-0.00554237365722658	0.027275772115423	
0.00230755805969242	0.0272840377895372	
0.0101770877838134	0.0272876833586234	
0.0180278778076172	0.0272936888991136	
0.0258998394012452	0.0273000952808398	
0.0337516307830812	0.0273080465404528	
0.041625738143921	0.0273096130250232	
0.0494788169860842	0.0273106669096486	
0.057352924346924	0.0273122739998834	
0.0652054309844972	0.0273084805367726	
0.0730753898620608	0.0273010158000726	
0.0809336185455324	0.0272930671481628	
0.08881516456604	0.027284445708825	
0.0966736793518058	0.0272759915350216	
0.104554939270018	0.027271890735461	
0.112417745590208	0.0272709106115834	
0.120290422439574	0.0272727319060104	
0.128143787384032	0.0272706364302176	
0.13602032661438	0.0272653170882004	
0.14389328956604	0.0272602912990588	
0.151768684387206	0.027257397121026	
0.159643220901488	0.0272560191361446	
0.16751775741577	0.0272607014535208	
0.175396728515622	0.02726816656275	
0.18325638771057	0.0272711445598146	
0.191134929656982	0.0272642587332268	
0.19899387359619	0.0272564147619744	
0.206874275207518	0.027243854945733	
0.214729070663452	0.0272305940298576	
0.222603034973144	0.0272194811163682	
0.23045768737793	0.0272168752758044	
0.238333940505982	0.0272170134840744	
0.246189308166504	0.0272259757874746	
0.254061269760132	0.0272345469353932	
0.261917352676392	0.02724350663109	
0.269790029525756	0.0272514843402642	
0.277651405334472	0.0272573900429744	
0.285530805587768	0.027259533202483	
0.293393039703368	0.027260181775524	
0.301274013519286	0.0272599005161064	
0.309137392044066	0.0272628759054678	
0.317010498046874	0.0272663877366322	
0.324864864349366	0.027271416133477	
0.332740259170534	0.0272758268771904	
0.340594196319582	0.0272838925032156	
0.348466444015506	0.0272919126806992	
0.356322526931766	0.0273004409877794	
0.364197206497194	0.0273047396002548	
0.372055292129518	0.0273073335198896	
0.379939556121826	0.0273056742755908	
0.387800788879394	0.0272966695038814	
0.39567847251892	0.0272867058424492	
0.403537845611572	0.027274870595171	
0.411411094665526	0.0272662756053944	
0.419260883331298	0.0272541423348922	
0.427132987976074	0.0272443455664652	
0.43498878479004	0.0272369069067972	
0.442860889434816	0.027235531529619	
0.450715827941896	0.0272371576188342	
0.458588790893556	0.0272431564538018	
0.46644515991211	0.0272500564364926	
0.474320983886718	0.027249312868549	
0.482198095321654	0.027247651016547	
0.490075635910034	0.0272418477593202	
0.497957181930542	0.0272318911759396	
0.505835723876952	0.027222535481884	
0.513710260391234	0.0272203822640914	
0.521568489074706	0.027212464159562	
0.529444885253904	0.0272077434716956	
0.537296962738036	0.027211806273295	
0.54516921043396	0.0272158783881204	
0.553025007247926	0.027216333991124	
0.560896968841554	0.0272192833034532	
0.568753194808962	0.0272213240174788	
0.576629877090456	0.0272203248946208	
0.584489536285402	0.0272170276401776	
0.592369222640992	0.0272134085206526	
0.600229454040528	0.0272117801962632	
0.608106136322022	0.027204525193407	
0.615961790084838	0.0271971342174548	
0.623837614059448	0.0271921371130484	
0.63168911933899	0.0271858830956954	
0.639563512802124	0.0271784373579758	
0.647416019439698	0.0271774695275562	
0.655288982391358	0.02717092493756	
0.663143491744996	0.0271600552855272	
0.671025896072388	0.0271501348374624	
0.67888584136963	0.0271333334056874	
0.686768102645874	0.0271049545167228	
0.694632482528688	0.0270773769377012	
0.702512311935426	0.0270492457805414	
0.710366678237916	0.0270148874281186	
0.718240642547608	0.0269796111641662	
0.726096725463868	0.0269428779391782	
0.73396725654602	0.0269023322520988	
0.74182720184326	0.0268535853384272	
0.749700450897216	0.0267963529585138	
0.757556104660034	0.0267268464921252	
0.765433931350708	0.026654724871947	
0.7732967376709	0.0265715551583306	
0.781171560287478	0.0264799547402398	
0.789032649993898	0.026379377862646	
0.796910476684572	0.0262696814744014	
0.804784584045412	0.0261386037824886	
0.812656402587892	0.0259907935766714	
0.820528221130372	0.0258243416456716	
0.828401613235474	0.0256369923262134	
0.836273574829102	0.025428307151629	
0.844127655029298	0.0252010320333974	
0.852002048492432	0.0249426984248894	
0.85985999107361	0.0246536445824642	
0.867738819122316	0.024332375547125	
0.875602769851686	0.023975026702716	
0.883478307724	0.023572633510663	
0.891336250305178	0.0231322434751528	
0.8992084980011	0.022648234760596	
0.9070595741272	0.0221172121374146	
0.914925956726076	0.0215339113978878	
0.922777891159058	0.0209013153819576	
0.930649280548096	0.0202052545754448	
0.938502073287964	0.0194473289905326	
0.94637303352356	0.01862294646187	
0.954224538803102	0.0177294203100938	
0.96210107803345	0.016759056506886	
0.96995658874512	0.0157158059088726	
0.977832269668582	0.014588982334568	
0.985685634613038	0.013381168155207	
0.993559312820428	0.0120835893808143	
1.00140738487243	0.0106957286616998	
1.0092743396759	0.00920537896661337	
1.01711983680724	0.00760901160745195	
1.02498507499694	0.00588398885654531	
1.0328305721283	0.0040282482651273	
1.04069237709046	0.00201616947513318	
1.04853200912476	-0.000163133731370216	
1.0563952445984	-0.00254816832978034	
1.0642068386078	-0.00488037643747163	
1.0721297264099	-0.00774051742421213	
