350	0.199502793832675
360	0.21503596536481
370	0.233131071374128
380	0.280027080059002
390	0.342066794656528
400	0.385658418082543
410	0.432890230030279
420	0.479941931880576
430	0.537442332399875
440	0.582858632341568
450	0.609222584185274
460	0.631893749993963
470	0.660219725759823
480	0.68622627813065
490	0.700471445619724
500	0.710046049797377
510	0.71368895777437
520	0.717180426577407
530	0.721836790940687
540	0.719756665884892
550	0.719225014225589
560	0.720849137376073
570	0.720767333347363
580	0.721450579158734
590	0.72091937932505
600	0.722507793553486
610	0.72233985899754
620	0.722804275026144
630	0.723119364540493
640	0.722867195383881
650	0.721324526183963
660	0.72003550103255
670	0.720163271302337
680	0.717078445652908
690	0.718798254111319
700	0.715322139238377
710	0.704479097878032
720	0.714161903684049
730	0.710563322298523
740	0.69131978208004
750	0.707252253591896
760	0.715830130736645
770	0.680496403558204
780	0.673811749812369
790	0.717554033460514
800	0.761296317108659
810	0.718818551727453
820	0.724292401654881
830	0.77840587919517
840	0.783787900550769
850	0.693172081694424
860	0.533347409858753
870	0.375319975906796
880	0.230868082301988
890	0.103628488345872
900	0.0119433698903751
910	0.00271614717303286
920	0.00389861127804466
