350	0.192669583607941
360	0.210654496463257
370	0.230930892384826
380	0.281115633290052
390	0.32846381277644
400	0.382147347628278
410	0.424982884161086
420	0.473676093120402
430	0.53127933327319
440	0.5661853487213
450	0.592951930916439
460	0.618324013433195
470	0.642322114192642
480	0.668362008359885
490	0.684154118267157
500	0.696815883862849
510	0.708494552030309
520	0.712067649776499
530	0.715604197915166
540	0.718195219859641
550	0.717911407617275
560	0.717883815892866
570	0.718780194287478
580	0.721003710315757
590	0.721461162462174
600	0.722099225246438
610	0.72365901785225
620	0.724039614219619
630	0.725558026926644
640	0.725953880477531
650	0.724432377486862
660	0.725344012315202
670	0.721119931913747
680	0.721954965732819
690	0.720819045765273
700	0.715903289484829
710	0.719057014217883
720	0.707772550009198
730	0.711982020099608
740	0.71349159336696
750	0.692400713496054
760	0.706835706641805
770	0.714171941497835
780	0.676520106388686
790	0.681809256477619
800	0.687098406566552
810	0.660105241148168
820	0.637423784975275
830	0.665054699776038
840	0.683953430963586
850	0.623037701351039
860	0.500111336754807
870	0.389056820785262
880	0.233640279254041
890	0.0866344939718563
900	0.00771986202955292
910	0.00634253948944694
920	0.00639723310564591
