350	0.136127237877975
360	0.141879298323015
370	0.152310643642729
380	0.174855901735649
390	0.205721529911907
400	0.237348541936555
410	0.267940215762223
420	0.297627115245633
430	0.344851277012196
440	0.394835152593148
450	0.442755509768744
460	0.477007241082771
470	0.512204991678896
480	0.546291602395198
490	0.577026305951051
500	0.600449740433421
510	0.617536313432778
520	0.630622044353678
530	0.63845309962944
540	0.645747665495765
550	0.651395470173298
560	0.656565720910458
570	0.660809521345931
580	0.665094350482517
590	0.66959749204366
600	0.67366653704477
610	0.675784977094246
620	0.678849035374157
630	0.683141304995989
640	0.685454333770905
650	0.687792397450112
660	0.688253212168922
670	0.689784923762415
680	0.690766043771839
690	0.692499255434553
700	0.69190900457679
710	0.688232049560991
720	0.694311720664248
730	0.682275381867906
740	0.68852131367638
750	0.696455114847559
760	0.673494142096028
770	0.684345045341891
780	0.70367025129876
790	0.668718502472272
800	0.633766753645783
810	0.653948747743854
820	0.639969756329851
830	0.60047891402673
840	0.612676039575498
850	0.664474594400963
860	0.605928606739348
870	0.370815408084445
880	0.152045363401639
890	0.0719418622133676
900	0.028779045107958
910	0.00417372854301781
920	0.00234505673708308
