350	0.156221908875303
360	0.154101607473445
370	0.155985212331746
380	0.173583611160713
390	0.212080611710665
400	0.251948645877108
410	0.295193102150875
420	0.341892755093597
430	0.3767853091773
440	0.395603092133456
450	0.415985536901854
460	0.42412816842516
470	0.435850274720294
480	0.46046704840092
490	0.455158376845518
500	0.463105555942673
510	0.472837338803927
520	0.48209422264257
530	0.488106463716468
540	0.49744332521884
550	0.498164652785593
560	0.504495640017632
570	0.512276218543761
580	0.517359049011373
590	0.514669225102179
600	0.511770766705208
610	0.513678797597154
620	0.522506351713369
630	0.530860198908926
640	0.533312246149302
650	0.525785947932563
660	0.515010827975946
670	0.50490622348387
680	0.501484849869699
690	0.50633878151994
700	0.508068685717239
710	0.503898698467966
720	0.497882006542001
730	0.476505518701476
740	0.452965054784706
750	0.434648133080297
760	0.411283632292194
770	0.398693273844444
780	0.389115811309994
790	0.387176456326035
800	0.385237101342076
810	0.380090549694992
820	0.369374716527126
830	0.349295565447614
840	0.322085467013303
850	0.288094691252549
860	0.238794151291767
870	0.153906864110455
880	0.0625045057414868
890	0.0174657263904655
900	0.00625753807529991
910	0.00311932100909404
920	0.00210372925291261
