350	0.169786606767362
360	0.16325750505783
370	0.165702440767769
380	0.187451432269748
390	0.225176280130873
400	0.271529482442409
410	0.315530971585877
420	0.360504698478754
430	0.390776291788129
440	0.406689628019959
450	0.423187067564413
460	0.430958372264285
470	0.4457303378522
480	0.470558202803798
490	0.464573571601373
500	0.473791922210179
510	0.483416097947534
520	0.49382874479464
530	0.501893433953781
540	0.507993318343284
550	0.511802719267391
560	0.51862286435418
570	0.52539425987169
580	0.52620776641454
590	0.52320374667259
600	0.5234532666224
610	0.530691945889574
620	0.539343748290958
630	0.543564488992059
640	0.538313817161051
650	0.529540223201617
660	0.519285353148958
670	0.515316237866055
680	0.520657922501323
690	0.526781944808597
700	0.528040853848028
710	0.515670940881321
720	0.498350209508171
730	0.47217974778418
740	0.447420901742144
750	0.434092161835972
760	0.416215894816324
770	0.409156202957762
780	0.405669453832773
790	0.404961489855122
800	0.40425352587747
810	0.394098044752529
820	0.376743420474268
830	0.350455485321819
840	0.317929729449585
850	0.280543772296939
860	0.229046655892941
870	0.145464150496695
880	0.058992195874673
890	0.017140710474029
900	0.00597876950659272
910	0.00268142578399628
920	0.00147706603887808
