350	0.170385171820411
360	0.162925450171561
370	0.167750527697594
380	0.190383587863679
390	0.230365355758527
400	0.27848477103586
410	0.321741294675175
420	0.373481570890228
430	0.411196219937253
440	0.432305579841086
450	0.451805954443998
460	0.462467885898803
470	0.475464355007954
480	0.5016977846795
490	0.495132818276624
500	0.503552264891154
510	0.512769368136547
520	0.521859964297883
530	0.526859591876909
540	0.532562916447719
550	0.535381856105928
560	0.541544214369514
570	0.547730814274023
580	0.547971243174547
590	0.543922638545519
600	0.541722296111793
610	0.545536348677481
620	0.553119021860144
630	0.557919236481061
640	0.555317785590809
650	0.54464458006925
660	0.532920499590102
670	0.524792508217831
680	0.524528631426127
690	0.530173835974489
700	0.53147701668763
710	0.52299987070025
720	0.509494382793546
730	0.483255762994247
740	0.457779778420345
750	0.441377507164275
760	0.418322579473607
770	0.409948768508288
780	0.403537100004637
790	0.402006143293929
800	0.400475186583222
810	0.393503755587755
820	0.379763223577643
830	0.356569534869898
840	0.326534340531347
850	0.290096206980451
860	0.237749296177741
870	0.152464441394468
880	0.0629565282276197
890	0.0184295776818293
900	0.00669477035270763
910	0.00372573905048586
920	0.00284359443628019
