350	0.207823452404856
360	0.204909757105225
370	0.207678744455745
380	0.230384564416188
390	0.272935256705145
400	0.317105880043205
410	0.359870951267759
420	0.40843617357977
430	0.44096685108081
440	0.456287896632668
450	0.46740692204371
460	0.476123007041573
470	0.485996521072117
480	0.51122509001724
490	0.503158779812865
500	0.509921339186587
510	0.518944349281183
520	0.52836514234997
530	0.533503550858497
540	0.536891748220324
550	0.540467286128467
560	0.547645507940282
570	0.552841211454868
580	0.552395601876131
590	0.548460534372765
600	0.547394970919692
610	0.553123400030491
620	0.560308590976951
630	0.563147608543013
640	0.557045490080914
650	0.54545871454049
660	0.533550127635721
670	0.52563817727175
680	0.527184363632241
690	0.533611255880863
700	0.53349214058954
710	0.52286231398036
720	0.506638030469732
730	0.479309613566006
740	0.454326819527611
750	0.439404021449688
760	0.420172393415723
770	0.413119030710391
780	0.407294915720142
790	0.404160453088109
800	0.401025990456076
810	0.3927296928639
820	0.37715608111849
830	0.352000162761621
840	0.319985770025735
850	0.282148801608473
860	0.230495529980993
870	0.146809837407684
880	0.0596005846162211
890	0.0171161620622002
900	0.00614914048881044
910	0.00277173330191928
920	0.00148933902304204
