350	0.210692833617011
360	0.230145763775108
370	0.252898527387901
380	0.304851213247286
390	0.356662697640427
400	0.407134839599963
410	0.446593385835254
420	0.489614563074754
430	0.534870343471846
440	0.575344334382533
450	0.598545333293327
460	0.622322081139506
470	0.64544297840211
480	0.667584026954428
490	0.686847387620928
500	0.702550829981528
510	0.706290600424986
520	0.713233773825616
530	0.715950964464271
540	0.719052945016256
550	0.720219266537561
560	0.721773225365947
570	0.722333709165487
580	0.724066155267069
590	0.723773772426623
600	0.72515602478161
610	0.725751267508011
620	0.725584081534665
630	0.726877414674908
640	0.726912867617294
650	0.72655059477277
660	0.72566403259359
670	0.725042535859122
680	0.723300681850138
690	0.720884782807898
700	0.717765463333102
710	0.716151113437415
720	0.709003373777589
730	0.712859660873451
740	0.704934651581397
750	0.698220449846276
760	0.71230207258997
770	0.69481124215375
780	0.678789345838603
790	0.707885433917188
800	0.736981521995772
810	0.710485151285882
820	0.724192147022455
830	0.74440499680707
840	0.704246606685193
850	0.642955893691785
860	0.637958732960752
870	0.581291113411349
880	0.314497089091176
890	0.071405578479392
900	0.0192755003696862
910	0.0149613805830683
920	0.00569807651578382
