350	0.194754218101341
360	0.218463024913692
370	0.239470744273395
380	0.285293592542294
390	0.333810738164926
400	0.391898480785335
410	0.434915398628899
420	0.481706700225562
430	0.532492327328645
440	0.577033124497062
450	0.597840089322963
460	0.618950254344468
470	0.639058409204515
480	0.657232881477964
490	0.678577439450521
500	0.693075964134226
510	0.704614482995598
520	0.706355692092936
530	0.706541057125627
540	0.704859471051701
550	0.700878188720987
560	0.691859499091983
570	0.690560316444797
580	0.684475332609373
590	0.671827464195528
600	0.671783486784922
610	0.676903281761932
620	0.65928203709367
630	0.633400529610355
640	0.626033920511112
650	0.642699137565137
660	0.642466090114129
670	0.605914876019021
680	0.560547888146255
690	0.548377082707806
700	0.576092666427404
710	0.611825168135711
720	0.573853776082117
730	0.48613942452537
740	0.425957811011753
750	0.419905120097398
760	0.472427346175622
770	0.566706101906018
780	0.644287046988633
790	0.612448350784485
800	0.580609654580337
810	0.462533722977211
820	0.382604131738407
830	0.346178594309407
840	0.352502297122397
850	0.400053520939703
860	0.446603170064192
870	0.384060856039442
880	0.200130227097009
890	0.0577201263216085
900	0.00948881269063245
910	0.00268119073771686
920	0.000955405844314733
