# Created by Octave 3.2.4, Tue May 14 14:51:45 2013 CEST <timo@timo-AMS>
# name: all
# type: matrix
# rows: 218
# columns: 8
 0.205118837391905 0.204569948062127 0.201239773873404 0.199153503244112 0.199153503244112 0.19911666503406 0.200544759643752 0.198349202324638
 0.215633341588618 0.210369156146709 0.206158947227261 0.202830660284444 0.202830660284444 0.204698192738835 0.206634091237927 0.206769683893249
 0.223092324905371 0.220494173912037 0.213514662391545 0.215455399269347 0.215455399269347 0.215423893800551 0.214391564606353 0.216519233932341
 0.236238094012622 0.231949996729436 0.224302193209413 0.225402652543933 0.225402652543933 0.225547500989907 0.222824544633026 0.224852422876673
 0.251061158838069 0.247421111608569 0.240058060901665 0.239433610024578 0.239433610024578 0.237015116335657 0.238862943967561 0.238971425214822
 0.269697164978752 0.265322647436746 0.258169918438222 0.25683261279927 0.25683261279927 0.25683261279927 0.25683261279927 0.257552634040642
 0.286542780549063 0.280518036140949 0.27482782148226 0.272053711473837 0.272053711473837 0.271552317964506 0.272030446815004 0.274540623280115
 0.315009590355516 0.311026654538844 0.299584597650454 0.301932953911642 0.301932953911642 0.299837972931267 0.298111467587927 0.299837972931267
 0.347254899760967 0.337500594613287 0.333643653242836 0.328855392567505 0.328855392567505 0.329364940270255 0.328855392567505 0.330938959159334
 0.376722852475828 0.364828271247237 0.360415401355814 0.356211962969305 0.356211962969305 0.35671614992558 0.354404646649121 0.357556696571565
 0.397455973454217 0.388300241313448 0.381945919549277 0.37728926174294 0.37728926174294 0.374921536971795 0.376539747078249 0.378473124128512
 0.428436769124394 0.41839759743612 0.409415213988005 0.407565676271105 0.407565676271105 0.406999607555285 0.406244849267526 0.406094150884568
 0.456515398045691 0.445895684817091 0.438839431069168 0.434123585031011 0.434123585031011 0.433151787352298 0.434627905143954 0.434915397807141
 0.480583048285536 0.468182758429149 0.457821254968068 0.454933781700351 0.454933781700351 0.455511162359687 0.456835775047049 0.455341310990998
 0.498465115221801 0.487827335231308 0.478535606132533 0.472640182758146 0.472640182758146 0.472511705855942 0.470845806609364 0.471069969237896
 0.518671560318126 0.507879468172041 0.496476934801571 0.492050218522748 0.492050218522748 0.492110753944166 0.491807568136055 0.492353404330858
 0.539161415096239 0.525481662643015 0.515666137608436 0.511627584140829 0.511627584140829 0.510702687603284 0.5097777910657389 0.509375872675078
 0.55140465064008 0.538535839295151 0.527238617300311 0.521917990167258 0.521917990167258 0.521321241747369 0.520396509463114 0.521808662212469
 0.565045884578358 0.553264025351157 0.541123963077855 0.535772495883083 0.535772495883083 0.534538205868805 0.535621446405811 0.535051774091529
 0.578220614653531 0.562452663609847 0.551682916975467 0.546440500624341 0.546440500624341 0.543916977225507 0.545422950866747 0.544792070017038
 0.592401869725936 0.578669544837228 0.564429189855207 0.559577696368685 0.559577696368685 0.557681309226471 0.560039189354213 0.558650832305312
 0.602314759787546 0.58841937453159 0.577024349681575 0.570273376585534 0.570273376585534 0.569482821457186 0.568872439358088 0.568387075279288
 0.612981923851148 0.596094736664351 0.583398022143034 0.578501016295585 0.578501016295585 0.575100607828664 0.576301366192111 0.57505884232037
 0.61790470283643 0.604919086202149 0.5904344942431899 0.5841744563233841 0.5841744563233841 0.5824047409620891 0.582678782706468 0.582087777016782
 0.627533839697817 0.612998996576314 0.596780047118209 0.591573770626135 0.591573770626135 0.589251840434438 0.590225857158966 0.590112745539344
 0.633551392916525 0.6187269145108431 0.604969655058745 0.598841366949923 0.598841366949923 0.59713142509712 0.598485627298728 0.597986396023522
 0.64124221281333 0.627865675384682 0.613065193158434 0.606409675174454 0.606409675174454 0.603897836551489 0.606409675174454 0.603897836551489
 0.653004413894415 0.638087040535932 0.622973779728641 0.616680895435705 0.616680895435705 0.6138922199492109 0.6157721953259599 0.615644324352432
 0.662779751633278 0.647222064175997 0.6309886309330019 0.626297246397706 0.626297246397706 0.625000125176855 0.624629888980085 0.623211081736518
 0.675874880476301 0.659976957689693 0.644435957397827 0.638231950423259 0.638231950423259 0.636102808596989 0.636754687875579 0.636930670494514
 0.688667377758184 0.671974050713508 0.656923001507177 0.65149304241161 0.65149304241161 0.647532115081845 0.649739222581355 0.648718732017065
 0.698142709567255 0.679872202390949 0.664888668418597 0.658850494121652 0.658850494121652 0.655455010110415 0.657720173212452 0.656965118845106
 0.711233171777938 0.6942029509847299 0.678258287355801 0.671477897307715 0.671477897307715 0.6686315664229761 0.669096184889287 0.668733608796418
 0.72102216581527 0.705221966213509 0.689273809058104 0.682565705323197 0.682565705323197 0.678889689483378 0.68107571024073 0.679237702320821
 0.736803595454575 0.719962243925084 0.703219497512685 0.697605042886412 0.697605042886412 0.693286541227637 0.695397495673143 0.6947736673813349
 0.743491677031393 0.727557717717668 0.711577533935971 0.704551414804281 0.704551414804281 0.699730587998739 0.7022093750937179 0.701658533517056
 0.752863652799019 0.73609996182175 0.719334420547463 0.712760315244788 0.712760315244788 0.709451984177751 0.712717758413389 0.71064357545693
 0.759624241970923 0.7441219964375539 0.727054782608676 0.720109236597965 0.720109236597965 0.716805217268062 0.718627756962944 0.71811971958211
 0.772559312667973 0.7553479395304959 0.739406708668693 0.732851468290589 0.732851468290589 0.729491349009206 0.730596493100218 0.730474463192812
 0.7813680743158899 0.764467434098324 0.748038832538344 0.742076238968838 0.742076238968838 0.7373773839808691 0.739588512429561 0.73903531624839
 0.79009111056404 0.772594898157366 0.7550986857506919 0.748669421959418 0.748669421959418 0.745437241204797 0.746729475366319 0.746234916613144
 0.799734708043752 0.78307752931924 0.7667882429978869 0.760965340969747 0.760965340969747 0.756984992490198 0.7594164830371219 0.757794974083706
 0.80495847724527 0.788330699960774 0.771561352606191 0.765663096423 0.765663096423 0.761541172066582 0.76289130347183 0.762181962910132
 0.815383858937103 0.798168110094043 0.78226605353194 0.775005946191149 0.775005946191149 0.7721712128475809 0.773070207565235 0.772032013665493
 0.821967693073142 0.804956874991509 0.788215376062197 0.781356902989497 0.781356902989497 0.778466304757787 0.780079399575873 0.778398622457728
 0.829521284384807 0.812728943418414 0.795215771234983 0.789180873240425 0.789180873240425 0.785179159480186 0.787671804833762 0.786359451816482
 0.836947240918494 0.820219182912742 0.802786842214156 0.796570606614237 0.796570606614237 0.793686273295874 0.794135186310008 0.793237360281739
 0.843318932061634 0.8264308579838781 0.809542783906121 0.803101049397704 0.803101049397704 0.799786395945705 0.801662119901526 0.800161540736869
 0.851567008728381 0.834031343593358 0.816800646547639 0.810691033733331 0.810691033733331 0.8070237283905149 0.8092238553205 0.807879689246211
 0.856461459353461 0.839025646399279 0.8222437856309111 0.816054951872426 0.816054951872426 0.812246054790173 0.8142690633649869 0.813972039280591
 0.86231054105781 0.844449217686732 0.8275730279075491 0.821540604925079 0.821540604925079 0.817539259841949 0.819916958819919 0.818757906581553
 0.8717968807650071 0.853704432521367 0.8371244256946599 0.830693905544345 0.830693905544345 0.826722424760721 0.829055868030726 0.827983673984282
 0.877321507980124 0.859906253635814 0.842182547699071 0.836458770241163 0.836458770241163 0.832704436842052 0.834551274619339 0.833873713589936
 0.877852308845684 0.8615858442227829 0.844422654680424 0.838203271637636 0.838203271637636 0.834675317513949 0.836587912621884 0.834913608051987
 0.8834430833617281 0.867013821744181 0.850059804606311 0.8440386028299099 0.8440386028299099 0.840530832868134 0.842577134184529 0.840940338344273
 0.884708791871373 0.868314706516477 0.851864513828028 0.845432464611383 0.845432464611383 0.842073187236543 0.844065594464193 0.842187789449757
 0.88901749181978 0.87302192301577 0.856526127450974 0.850450943566476 0.850450943566476 0.847107138046362 0.849504252734147 0.847609702315376
 0.889694758541465 0.873774634203149 0.856986263747899 0.850955257583949 0.850955257583949 0.848021223789849 0.8499229334606661 0.848021223789849
 0.893428463008444 0.877517585602079 0.861178192490563 0.8552191459658059 0.8552191459658059 0.851546632461503 0.85335666494524 0.852398084240228
 0.898736519131704 0.883003039526033 0.866329036998209 0.860422816130422 0.860422816130422 0.857338164029094 0.859063552233603 0.858070412644477
 0.898425396218703 0.882392812355803 0.866616141639448 0.860692662448266 0.860692662448266 0.857374357673597 0.858956950270229 0.857629200053839
 0.901196467839688 0.885909872339096 0.869970524599909 0.864307031747183 0.864307031747183 0.860197110244927 0.862502240130975 0.860898214501194
 0.903582398071835 0.888239064108086 0.872128831592495 0.867473811012091 0.867473811012091 0.8640479732854069 0.866553532749883 0.864763387738663
 0.904324942933477 0.889960631337812 0.874543063282572 0.86891762053199 0.86891762053199 0.866105425784928 0.869168295569368 0.866909060463583
 0.904764268387046 0.890672632125583 0.875397823354083 0.870174297556496 0.870174297556496 0.867464884175433 0.8695336277257339 0.867563051326921
 0.9058680928506569 0.891447594668952 0.876737874672906 0.870688572092952 0.870688572092952 0.868655900885496 0.87088240144923 0.869139966869498
 0.908164287890848 0.893632907937116 0.87900760954859 0.873385492180627 0.873385492180627 0.871289312646597 0.873719202363833 0.871575064480121
 0.909165415384629 0.895518837090641 0.8806999669743391 0.875635115560816 0.875635115560816 0.873197102618268 0.875307621284952 0.874274981676369
 0.911679787650637 0.898139931251463 0.88321323536283 0.877806402720143 0.877806402720143 0.87549597271115 0.87743716034035 0.876466081955698
 0.914195944096663 0.898542505299895 0.884299526939731 0.878793196277209 0.878793196277209 0.87633586500234 0.878793196277209 0.87715465732616
 0.914658458076112 0.902170881557373 0.886808223299408 0.88168733721342 0.88168733721342 0.879441532866658 0.881372698517187 0.88002559272194
 0.91565919747303 0.902368414901719 0.889255090524824 0.884115306590221 0.884115306590221 0.880261397739763 0.8823881087712721 0.881191427334582
 0.914028661886492 0.90068227343178 0.887248073772103 0.882886783925481 0.882886783925481 0.880793035507084 0.882712076215602 0.881927263571222
 0.917045325793161 0.904276305876044 0.890725342999938 0.885459898398777 0.885459898398777 0.883561152648822 0.885029105750074 0.8845105255238001
 0.918584796689098 0.906278363215187 0.892615893330832 0.888515540169 0.888515540169 0.885525811279924 0.887319827746317 0.886465363588085
 0.919773328176094 0.907107005072922 0.893945004755369 0.889298030870557 0.889298030870557 0.886598360327952 0.888368636093595 0.887359578907178
 0.9196834067381749 0.907581963880852 0.894903011819926 0.890807946558012 0.890807946558012 0.888471659325253 0.890396690003931 0.888979167413268
 0.92251036653535 0.910749852209599 0.897262147957041 0.893703615947035 0.893703615947035 0.891056415305445 0.893451914902425 0.891967746673861
 0.921817634112936 0.9106009690185281 0.898165660891675 0.893745934400765 0.893745934400765 0.891368722288178 0.892759005184348 0.891694838029255
 0.92531535553925 0.913609943777422 0.901265590325538 0.896878190720486 0.896878190720486 0.894518366078546 0.896716325492339 0.8954980766699649
 0.925980540375523 0.915347957947388 0.902941870904553 0.898677014569201 0.898677014569201 0.89625322492911 0.898592561968501 0.897545349719821
 0.926991839034763 0.915968288136378 0.90398143301815 0.899349196204467 0.899349196204467 0.897112655102743 0.899190041594232 0.898075959322586
 0.925675564922141 0.914768200070662 0.903305521051211 0.899277421265634 0.899277421265634 0.896906975712805 0.898962466961412 0.897619767032886
 0.928705210340931 0.918089409737785 0.906995196986246 0.902120342163823 0.902120342163823 0.900470645100397 0.902747227047925 0.90118001483767
 0.930057311872783 0.919361538130173 0.907953258786025 0.903817450409288 0.903817450409288 0.90163079528733 0.903817450409288 0.90225321397373
 0.930651577590455 0.920414093110753 0.90901381253844 0.904907434728869 0.904907434728869 0.903590141253324 0.9052977439068089 0.903817821607122
 0.930829348058727 0.921113422180434 0.909861701030198 0.906006046584319 0.906006046584319 0.904542999509468 0.905925215254217 0.904696579036663
 0.931822613720755 0.921711304341962 0.910989622038 0.907463915272877 0.907463915272877 0.905929951737254 0.907311322041585 0.906082544968546
 0.934199581816086 0.924202325853086 0.913301317951031 0.909638323366188 0.909638323366188 0.908190720702746 0.909710303609122 0.908110742655042
 0.935194361349485 0.925089618365029 0.914913210536711 0.911194601416347 0.911194601416347 0.9096737141744 0.911194601416347 0.909976299070703
 0.9349449375537791 0.925136633570102 0.914956563225753 0.911104430935389 0.911104430935389 0.909902122705132 0.911254719464171 0.909902122705132
 0.93661819938686 0.927218186810817 0.916461796581185 0.913457262360151 0.913457262360151 0.911880079042023 0.913378403194245 0.912100884706561
 0.938753490181218 0.929596761482181 0.919543239766227 0.916624729158544 0.916624729158544 0.91497274202212 0.916923660164183 0.914823276519301
 0.940107282128225 0.93090983897338 0.921038073472997 0.918270215473287 0.918270215473287 0.916474636204353 0.91782328089543 0.916851002164654
 0.940715584124601 0.932141882720654 0.922005063467309 0.919246160463122 0.919246160463122 0.917386050222338 0.9195431528545071 0.917683042613724
 0.942518768329755 0.9334428176159349 0.924374664110632 0.921247983495304 0.921247983495304 0.920062807800716 0.921325955580474 0.919836688753722
 0.943235994525438 0.9345550496970489 0.925282929414398 0.92246706738225 0.92246706738225 0.92112914398576 0.922389281138268 0.921354724093308
 0.94261954961108 0.934562972263976 0.925406362240634 0.922524586497247 0.922524586497247 0.920828057228963 0.922377399026482 0.9211224321704909
 0.944646782635706 0.936603315361844 0.927522480797608 0.9247122992572701 0.9247122992572701 0.922722721692897 0.9247897147267 0.923311079260572
 0.945739029528339 0.937562655948217 0.928420264695585 0.925692230788418 0.925692230788418 0.924587106571067 0.925985900160861 0.924362990471045
 0.945522519576114 0.937652928369586 0.928611762370314 0.926260905055925 0.926260905055925 0.924642281987001 0.9260373809178351 0.924935175685187
 0.947389315800373 0.939598373965201 0.930705449259179 0.92827800447374 0.92827800447374 0.927029604298371 0.928794318126516 0.927545917951147
 0.946989475377978 0.939365293585379 0.931087830086763 0.928666844940927 0.928666844940927 0.927275739190464 0.928666844940927 0.927644651212686
 0.9470393743187711 0.939290389563017 0.931104518426374 0.928690146321465 0.928690146321465 0.927080564918193 0.929203679435842 0.92766308009271
 0.948201599963034 0.940749075614592 0.932791035739946 0.930600468459726 0.930600468459726 0.9287009555733809 0.93030941406585 0.929574118755007
 0.947969297507343 0.941421326885287 0.934011981780936 0.931176306494085 0.931176306494085 0.929865187813069 0.931389744418902 0.930231081398469
 0.949589679352659 0.943214503382611 0.934954889223562 0.9327057210624961 0.9327057210624961 0.931619129687387 0.933070451034561 0.931907874248605
 0.950088585699574 0.943222721515322 0.935629348543335 0.933249788550118 0.933249788550118 0.932090321419665 0.933749950841686 0.932522279762382
 0.948734890271717 0.942300062698869 0.934772528557048 0.932238056376232 0.932238056376232 0.931441291169689 0.932890645021592 0.931729644292057
 0.952534466768269 0.945899259420789 0.9383926077903439 0.936129910353876 0.936129910353876 0.935548947498567 0.936710873209186 0.936053467872915
 0.951895003608514 0.944957484517281 0.938019965426049 0.936411931199604 0.936411931199604 0.935102531900928 0.936702908821532 0.9352480207118919
 0.953531326461717 0.946436713465006 0.939556856321168 0.937286580162221 0.937286580162221 0.936557944232829 0.937432307348099 0.936926097123469
 0.953648989882761 0.947205259946049 0.940761530009336 0.938411373441239 0.938411373441239 0.937389900161641 0.938856827954146 0.938119523932782
 0.955209389050549 0.948678713402461 0.942224959729026 0.940386524534806 0.940386524534806 0.939655765775597 0.9405326762866481 0.939509614023756
 0.955870978803499 0.9497693796351609 0.943012937121736 0.940809581866503 0.940809581866503 0.940069994088522 0.941318048463864 0.940732541472963
 0.95392748080903 0.947827194312571 0.941279604887169 0.939220468990134 0.939220468990134 0.9387037569860101 0.940469832343391 0.9387037569860101
 0.957014336430474 0.951312458748245 0.944942513653656 0.943233503994132 0.943233503994132 0.942868397385052 0.943901571406491 0.942495522550247
 0.957118906344772 0.95059618621147 0.94422712261841 0.942390926962509 0.942390926962509 0.941369110969896 0.942467755232631 0.941077163543435
 0.955653866587694 0.950068851447022 0.94396770387266 0.94176451169303 0.94176451169303 0.940809281517246 0.942134278212688 0.940809281517246
 0.9585917468338711 0.95282055568622 0.946754599399307 0.944683486447126 0.944683486447126 0.943938816621623 0.944683486447126 0.943279473546958
 0.9568354572347521 0.950527848571331 0.9449668865561081 0.943403595136444 0.943403595136444 0.9425169522417089 0.943629144644753 0.942664726057498
 0.958304153632176 0.952858132199119 0.946887852955695 0.945322904268035 0.945322904268035 0.94405529583103 0.945322904268035 0.94405529583103
 0.960043995902963 0.954563339878844 0.948704707577201 0.947657398308224 0.947657398308224 0.947051061363027 0.94750778269837 0.946452598923612
 0.958799332239071 0.953749983950414 0.947942048125433 0.946962205891015 0.946962205891015 0.945761108958502 0.947191362542613 0.945911246075066
 0.960421162116828 0.955030852704684 0.949346381864444 0.948288990785071 0.948288990785071 0.948137934916589 0.9485115994333601 0.947374705265312
 0.961153977228618 0.95619479256531 0.950467734147683 0.9496358709138381 0.9496358709138381 0.949099959022803 0.949859834092181 0.948412072117893
 0.960498120276351 0.955515032945411 0.9499934506932241 0.94891646085073 0.94891646085073 0.948691418197075 0.949535328148283 0.948152923275828
 0.961201222847223 0.956724419631314 0.950855192992012 0.950393750345888 0.950393750345888 0.950005167064941 0.950393750345888 0.949308955353245
 0.961432398151288 0.957543688946677 0.95171470135486 0.951478280879108 0.951478280879108 0.951168488531571 0.951559805181091 0.950548903836496
 0.962245177901636 0.958558100141304 0.952686695689998 0.952218625684789 0.952218625684789 0.9516684381348059 0.952768813234771 0.951118250584823
 0.961939997878034 0.956821143875541 0.952098588247436 0.951471115821323 0.951471115821323 0.951314247714796 0.952098588247436 0.950604213127353
 0.961427990729795 0.9571474784603961 0.952551122567237 0.951520474952857 0.951520474952857 0.951520474952857 0.952468005824141 0.951038397842906
 0.962138254301667 0.958068600156804 0.953597004861831 0.952960598040824 0.952960598040824 0.952793122561611 0.953597004861831 0.951922250069706
 0.962819500207679 0.958963733655852 0.954053326362277 0.953808649710191 0.953808649710191 0.9534880389247 0.9542895658884279 0.9534880389247
 0.964531864186261 0.959986160783333 0.95600228589088 0.9554404573804059 0.9554404573804059 0.955031854827334 0.956249149933361 0.955031854827334
 0.965331431592428 0.961234128707005 0.956887723549722 0.956887723549722 0.956887723549722 0.956887723549722 0.957463235695054 0.956398108739514
 0.965607695150856 0.961889752796661 0.957513153988109 0.957755816892346 0.957755816892346 0.957261824551578 0.958258475765407 0.957426488665168
 0.963801302270423 0.960311607673431 0.955652865386445 0.955818625879802 0.955818625879802 0.95598438637316 0.956481667853231 0.955731383514878
 0.964612581045852 0.961256288469725 0.956807659202156 0.95722169004488 0.95722169004488 0.957054315874417 0.957723812556269 0.957054315874417
 0.9667571127608739 0.963018445228444 0.959457809483273 0.959537923787539 0.959537923787539 0.959119549087481 0.95996520007696 0.958603256904431
 0.965648779106579 0.961824974659047 0.958170522856044 0.958847933434162 0.958847933434162 0.958170522856044 0.958767713760437 0.958170522856044
 0.966293519490214 0.962747976144839 0.959282207524734 0.959619034142545 0.959619034142545 0.959025155632195 0.959955860760356 0.959530395558911
 0.966907757317782 0.9633143472953 0.959799817005018 0.960632436400471 0.960632436400471 0.960220508910089 0.960798960279562 0.960220508910089
 0.966282423597828 0.962909634806402 0.9594592114903649 0.960114791920412 0.960114791920412 0.959536846014976 0.960192426445023 0.959536846014976
 0.96590384654371 0.962497212808165 0.959336944105864 0.960152497319361 0.960152497319361 0.959498355679368 0.96047532046637 0.959906132286117
 0.967645017860528 0.964661016014588 0.961440322804097 0.962488527418535 0.962488527418535 0.961922158796218 0.962564606785712 0.962167303423788
 0.967033889660449 0.96389230473229 0.96075071980413 0.962042823282648 0.962042823282648 0.961958372074901 0.96244818907983 0.9617979147801829
 0.96685247998274 0.964028550257499 0.961272462687818 0.962408818793471 0.962408818793471 0.962247693674013 0.962976996846298 0.962086568554555
 0.966681358649805 0.96399143596315 0.961301513276495 0.962608047152871 0.962608047152871 0.962035904867138 0.963094795067599 0.961873655562228
 0.966314830668843 0.963677428553295 0.960721124874756 0.962608677369217 0.962608677369217 0.96203982593253 0.963186147767065 0.961876065670453
 0.965948302687881 0.96336342114344 0.960140736473016 0.962609307585563 0.962609307585563 0.9620437469979231 0.963277500466532 0.961878475778678
 0.965198001568991 0.9625816582487 0.9594326700164501 0.962397344349445 0.962397344349445 0.961220027661479 0.962565335906772 0.961179878139575
 0.964463305305252 0.962189145637212 0.958755041619457 0.96134497005221 0.96134497005221 0.960552413141634 0.962004941408407 0.960391038471427
 0.96448642053131 0.962074373580833 0.958837494278647 0.961427645444504 0.961427645444504 0.960527132012269 0.961845015611152 0.960487011432157
 0.964273646081662 0.96207782084884 0.958805907247035 0.961278551808712 0.961278551808712 0.960391752847496 0.961578385000538 0.9602342291002079
 0.964624901480975 0.962530142876223 0.958996059576256 0.961586639081735 0.961586639081735 0.9607132902937831 0.962004078269908 0.960442178286868
 0.9644272047254731 0.962434822701441 0.959108192709226 0.961585556246848 0.961585556246848 0.960726155265602 0.962002994964946 0.960686026372421
 0.9650021912201801 0.962890403537487 0.959429067091968 0.962355576252096 0.962355576252096 0.96117496289853 0.962323871113657 0.96124639007361
 0.963595546970335 0.961373495842161 0.9582288723735219 0.960926813256804 0.960926813256804 0.9602055825088009 0.961015522038045 0.959724906996809
 0.962560498919227 0.9603454604294061 0.957181767496498 0.959767445972582 0.959767445972582 0.958951331090924 0.959969253089029 0.958911276330969
 0.960895898490402 0.958684310163861 0.955507769808241 0.957983619814986 0.957983619814986 0.957076850385994 0.958294142739796 0.957142169175581
 0.958586071919649 0.956177267198661 0.952885213240272 0.955459285239677 0.955459285239677 0.954466127250949 0.9558740644516091 0.954426259834978
 0.955969027076895 0.953270274828337 0.950175939988433 0.9526414921079041 0.9526414921079041 0.95146176682888 0.952951138597715 0.951624405829006
 0.952671904382603 0.950089114608282 0.946888688720261 0.949347392224145 0.949347392224145 0.948190329473937 0.949561092445111 0.948150724193869
 0.949553148127576 0.946799210419941 0.943497745378464 0.945755025986348 0.945755025986348 0.944620581143741 0.946068406062221 0.944581124969689
 0.946713584106865 0.943989036274001 0.940404204644822 0.942468818432974 0.942468818432974 0.941451783204064 0.942589883757856 0.941222182494431
 0.944664026120828 0.942068099068133 0.938126524616968 0.940192463451767 0.940192463451767 0.938916066877893 0.940225350059827 0.938876848977612
 0.942775409529094 0.940126543707502 0.936574880652315 0.938464188263033 0.938464188263033 0.9370313350009291 0.938321832961123 0.936992195824646
 0.9392156525231909 0.936515671786551 0.933165794148042 0.934879390245995 0.934879390245995 0.93374697866766 0.934928407745196 0.933707976676759
 0.929133351647317 0.926626543543636 0.923282444239263 0.9249896224670791 0.9249896224670791 0.924579145801361 0.925565612751176 0.924366182522845
 0.903879697923231 0.901495520760683 0.8979628976726109 0.899276081466084 0.899276081466084 0.900586392545969 0.9018072140661531 0.900548775650718
 0.852975602680658 0.850438646161304 0.847094886660922 0.848547881010999 0.848547881010999 0.852255220065163 0.852596679609898 0.85213631986215
 0.774538888063095 0.771650893743394 0.768595849330973 0.770099532197091 0.770099532197091 0.775449312846032 0.775998882167129 0.775824319273404
 0.672111338329945 0.669501810605886 0.666197847226971 0.6689573886894979 0.6689573886894979 0.675230935677834 0.674927984970816 0.675041366425303
 0.559351034224151 0.5569466064156871 0.554392277579379 0.556045669800761 0.556045669800761 0.562579204032078 0.562076245826851 0.563414494044603
 0.438919273868644 0.436438718498141 0.433818699627491 0.43613629677151 0.43613629677151 0.442449270391949 0.442134782121081 0.443119740698522
 0.318111909081125 0.316113569694013 0.314452888374043 0.315904529431674 0.315904529431674 0.321663737543092 0.321448027633848 0.32285062906064
 0.216150198471732 0.21439681006581 0.212745715791189 0.215080548353051 0.215080548353051 0.220423718010946 0.219652177464509 0.22026832973297
 0.130726121347902 0.130256125811142 0.129066816724574 0.129917769198134 0.129917769198134 0.134069893660425 0.133490843185209 0.134064293650045
 0.0683010787330032 0.0678539721754324 0.0673334763309308 0.06759418115859681 0.06759418115859681 0.07009518260117301 0.0697619800825417 0.06999581447772039
 0.0355709626772504 0.0353483701653063 0.0352087560630581 0.0350810367705716 0.0350810367705716 0.0365182799486618 0.0362793972763301 0.0364826148734533
 0.0181861413437573 0.0181345157429909 0.0179759927812919 0.0178483872495616 0.0178483872495616 0.0185682033985171 0.0185943441203943 0.0184501728051261
 0.00971286702930906 0.009744060652969899 0.00967204130251802 0.00949287311221393 0.00949287311221393 0.00989463088214766 0.009874908410824029 0.00995167913946542
 0.00529580299628062 0.00533727066524104 0.00528502959949914 0.00520078686355007 0.00520078686355007 0.00538338123062292 0.00534584337331931 0.00539421797396349
 0.00329198786894864 0.00324258689953506 0.00322797580498222 0.00318450770007736 0.00318450770007736 0.00327686084438068 0.00328933629076653 0.00326590424984256
 0.00212212126943258 0.00211727799820118 0.00207596331793665 0.00211149112645146 0.00211149112645146 0.00217117514357908 0.00210468156869506 0.00211609139783883
 0.00156163349507158 0.00150863270381774 0.00148029865240185 0.00145213245043822 0.00145213245043822 0.00157501237457053 0.00147642309798223 0.00152859746366064
 0.00110968721685005 0.0011446446632248 0.00109682975677053 0.00115450258040987 0.00115450258040987 0.00118688255116618 0.00118469124369695 0.00112285596078348
 0.0009533432109557829 0.000919130858907746 0.000906307555867882 0.000902380764174141 0.000902380764174141 0.000952404763642873 0.000905505192849535 0.000905016265139476
 0.000788353636450856 0.000748856665001602 0.000810837179748387 0.000737309044355157 0.000737309044355157 0.000738991288062365 0.000776733706843146 0.000801327311132272
 0.000636354814332481 0.0006890357389336389 0.000628021282617456 0.000635425548556404 0.000635425548556404 0.000601686887659286 0.000630539479580809 0.000684147427594925
 0.000631532716264705 0.000563250187877403 0.000598301177549014 0.000566682872473036 0.000566682872473036 0.00060020322124925 0.00059834346385726 0.000594728713524663
 0.000525832163151928 0.000550042838719908 0.000505921993188903 0.00046393538146802 0.00046393538146802 0.00046984922139725 0.000553428933961173 0.000533126421621829
 0.00047565500247825 0.000471809564704381 0.000489461684852828 0.000506457290972507 0.000506457290972507 0.000471161839468011 0.000484986388290446 0.0004187450418333
 0.000418196137159993 0.000452998639169025 0.000402851354032408 0.000471128115768504 0.000471128115768504 0.000474649323317043 0.000458043123057117 0.000420061628556193
 0.000429294693681275 0.000395845236317269 0.000394959112094956 0.000430613334490152 0.000430613334490152 0.000430788757650285 0.0003982819213779 0.000431887156434937
 0.000410827347986948 0.000409747510905654 0.000408857316662329 0.000406051783730856 0.000406051783730856 0.000342873718271044 0.000360194970355117 0.000345264879936945
 0.000366845693668971 0.000363502820727201 0.000357067788277266 0.000385654355399733 0.000385654355399733 0.000362959924088315 0.000363933118783694 0.000338247295520006
 0.000365444914412896 0.000333041182226296 0.00037034151964068 0.00034959542982546 0.00034959542982546 0.00030887629148907 0.000325297562247022 0.000349901449589338
 0.000331012003121005 0.00029966433200353 0.00032463781327129 0.000327359894354394 0.000327359894354394 0.000332585695383707 0.000331487374050089 0.000293130794467911
 0.00034269631565423 0.000301338657149147 0.000285326494434808 0.000346958892628232 0.000346958892628232 0.000352973215667314 0.00033908778822968 0.000311182201388223
 0.000332073492123579 0.000277697072977188 0.000268380519616844 0.00025241969635548 0.00025241969635548 0.000264664669852255 0.000323056982089312 0.000314805127171362
 0.000240159735548078 0.000255819201947276 0.000288587249176036 0.000236963559339748 0.000236963559339748 0.000316601817917614 0.000289587632853147 0.000313091556293206
 0.000270208704662103 0.000272063270515471 0.000284938337738047 0.000278552195295645 0.000278552195295645 0.000266703801703151 0.000291987924108151 0.000294931491519703
 0.000264524663875284 0.00027485975273202 0.000251507622115931 0.000243926459036781 0.000243926459036781 0.000267313373342588 0.000260227908059001 0.000268299946474628
 0.000238060946441307 0.000256790714173072 0.000275723865143648 0.000276941397048502 0.000276941397048502 0.000209085058720811 0.00025637395139412 0.000222860658549241
 0.000196789787277635 0.000256680449552178 0.000264499043403952 0.000229013277072863 0.000229013277072863 0.0002879825683815 0.000223389411087683 0.000241461399483808
 0.000247025085559728 0.000213274017427649 0.000232097082869654 0.000236020202517217 0.000236020202517217 0.000221335941730036 0.000233847397194824 0.000238826187889916
 0.000186083243041422 0.000203811042274438 0.000244505579743761 0.000196444627040734 0.000196444627040734 0.000225168418634593 0.000181214145499129 0.000247110863994544
 0.000237708801301986 0.000201790564855554 0.000172550790621403 0.000208668607561084 0.000208668607561084 0.000184152052827527 0.000157245327706835 0.000171554763553718
 0.000188300505513407 0.000223377510488423 0.000239942227323979 0.000174397786885458 0.000174397786885458 0.000168884968099421 0.000210291066344442 0.000205831195476395
 0.000170119996586662 0.000177528669924759 0.000183331946589373 0.000174506417051612 0.000174506417051612 0.000163260254917536 0.000195321795423682 0.000166126636263911
 0.000229881043760429 0.000170110498615461 0.000193951187616488 0.000166740970782342 0.000166740970782342 0.000182669073827021 0.000164248514560058 0.000146556283075114
 0.000159839454190049 0.000169215257655772 0.000168316306056596 0.00018706260876388 0.00018706260876388 0.000209324994486308 0.000151511322943922 0.00017244525198142
 0.000164683969942498 0.00019388669502842 0.000181020675413314 0.000144193916929672 0.000144193916929672 0.000176432531250672 0.000182412490395716 0.000154144428066571
 0.000160336909849385 0.000171131484387546 0.000161567832843761 0.000174581554430916 0.000174581554430916 0.000135547039822276 0.000135332235725551 0.000164372902276617
 0.000149965977695642 0.000167151188733339 0.000151843534758006 0.000178961806732907 0.000178961806732907 0.000145250238189882 0.00017494429284109 0.000181406940332784
 8.74308561630538e-05 6.2490362826354e-05 4.34372527286751e-05 8.15207792884956e-05 8.15207792884956e-05 0.000113146661246662 6.40333612801903e-05 4.91234413681846e-05
# name: ans
# type: matrix
# rows: 1
# columns: 2
 218 1
# name: five
# type: matrix
# rows: 218
# columns: 2
 350 0.19911666503406
 353 0.204698192738835
 356 0.215423893800551
 359 0.225547500989907
 362 0.237015116335657
 365 0.25683261279927
 368 0.271552317964506
 371 0.299837972931267
 374 0.329364940270255
 377 0.35671614992558
 380 0.374921536971795
 383 0.406999607555285
 386 0.433151787352298
 389 0.455511162359687
 392 0.472511705855942
 395 0.492110753944166
 398 0.510702687603284
 401 0.521321241747369
 404 0.534538205868805
 407 0.543916977225507
 410 0.557681309226471
 413 0.569482821457186
 416 0.575100607828664
 419 0.5824047409620891
 422 0.589251840434438
 425 0.59713142509712
 428 0.603897836551489
 431 0.6138922199492109
 434 0.625000125176855
 437 0.636102808596989
 440 0.647532115081845
 443 0.655455010110415
 446 0.6686315664229761
 449 0.678889689483378
 452 0.693286541227637
 455 0.699730587998739
 458 0.709451984177751
 461 0.716805217268062
 464 0.729491349009206
 467 0.7373773839808691
 470 0.745437241204797
 473 0.756984992490198
 476 0.761541172066582
 479 0.7721712128475809
 482 0.778466304757787
 485 0.785179159480186
 488 0.793686273295874
 491 0.799786395945705
 494 0.8070237283905149
 497 0.812246054790173
 500 0.817539259841949
 503 0.826722424760721
 506 0.832704436842052
 509 0.834675317513949
 512 0.840530832868134
 515 0.842073187236543
 518 0.847107138046362
 521 0.848021223789849
 524 0.851546632461503
 527 0.857338164029094
 530 0.857374357673597
 533 0.860197110244927
 536 0.8640479732854069
 539 0.866105425784928
 542 0.867464884175433
 545 0.868655900885496
 548 0.871289312646597
 551 0.873197102618268
 554 0.87549597271115
 557 0.87633586500234
 560 0.879441532866658
 563 0.880261397739763
 566 0.880793035507084
 569 0.883561152648822
 572 0.885525811279924
 575 0.886598360327952
 578 0.888471659325253
 581 0.891056415305445
 584 0.891368722288178
 587 0.894518366078546
 590 0.89625322492911
 593 0.897112655102743
 596 0.896906975712805
 599 0.900470645100397
 602 0.90163079528733
 605 0.903590141253324
 608 0.904542999509468
 611 0.905929951737254
 614 0.908190720702746
 617 0.9096737141744
 620 0.909902122705132
 623 0.911880079042023
 626 0.91497274202212
 629 0.916474636204353
 632 0.917386050222338
 635 0.920062807800716
 638 0.92112914398576
 641 0.920828057228963
 644 0.922722721692897
 647 0.924587106571067
 650 0.924642281987001
 653 0.927029604298371
 656 0.927275739190464
 659 0.927080564918193
 662 0.9287009555733809
 665 0.929865187813069
 668 0.931619129687387
 671 0.932090321419665
 674 0.931441291169689
 677 0.935548947498567
 680 0.935102531900928
 683 0.936557944232829
 686 0.937389900161641
 689 0.939655765775597
 692 0.940069994088522
 695 0.9387037569860101
 698 0.942868397385052
 701 0.941369110969896
 704 0.940809281517246
 707 0.943938816621623
 710 0.9425169522417089
 713 0.94405529583103
 716 0.947051061363027
 719 0.945761108958502
 722 0.948137934916589
 725 0.949099959022803
 728 0.948691418197075
 731 0.950005167064941
 734 0.951168488531571
 737 0.9516684381348059
 740 0.951314247714796
 743 0.951520474952857
 746 0.952793122561611
 749 0.9534880389247
 752 0.955031854827334
 755 0.956887723549722
 758 0.957261824551578
 761 0.95598438637316
 764 0.957054315874417
 767 0.959119549087481
 770 0.958170522856044
 773 0.959025155632195
 776 0.960220508910089
 779 0.959536846014976
 782 0.959498355679368
 785 0.961922158796218
 788 0.961958372074901
 791 0.962247693674013
 794 0.962035904867138
 797 0.96203982593253
 800 0.9620437469979231
 803 0.961220027661479
 806 0.960552413141634
 809 0.960527132012269
 812 0.960391752847496
 815 0.9607132902937831
 818 0.960726155265602
 821 0.96117496289853
 824 0.9602055825088009
 827 0.958951331090924
 830 0.957076850385994
 833 0.954466127250949
 836 0.95146176682888
 839 0.948190329473937
 842 0.944620581143741
 845 0.941451783204064
 848 0.938916066877893
 851 0.9370313350009291
 854 0.93374697866766
 857 0.924579145801361
 860 0.900586392545969
 863 0.852255220065163
 866 0.775449312846032
 869 0.675230935677834
 872 0.562579204032078
 875 0.442449270391949
 878 0.321663737543092
 881 0.220423718010946
 884 0.134069893660425
 887 0.07009518260117301
 890 0.0365182799486618
 893 0.0185682033985171
 896 0.00989463088214766
 899 0.00538338123062292
 902 0.00327686084438068
 905 0.00217117514357908
 908 0.00157501237457053
 911 0.00118688255116618
 914 0.000952404763642873
 917 0.000738991288062365
 920 0.000601686887659286
 923 0.00060020322124925
 926 0.00046984922139725
 929 0.000471161839468011
 932 0.000474649323317043
 935 0.000430788757650285
 938 0.000342873718271044
 941 0.000362959924088315
 944 0.00030887629148907
 947 0.000332585695383707
 950 0.000352973215667314
 953 0.000264664669852255
 956 0.000316601817917614
 959 0.000266703801703151
 962 0.000267313373342588
 965 0.000209085058720811
 968 0.0002879825683815
 971 0.000221335941730036
 974 0.000225168418634593
 977 0.000184152052827527
 980 0.000168884968099421
 983 0.000163260254917536
 986 0.000182669073827021
 989 0.000209324994486308
 992 0.000176432531250672
 995 0.000135547039822276
 998 0.000145250238189882
 1001 0.000113146661246662
# name: four
# type: matrix
# rows: 218
# columns: 2
 350 0.199153503244112
 353 0.202830660284444
 356 0.215455399269347
 359 0.225402652543933
 362 0.239433610024578
 365 0.25683261279927
 368 0.272053711473837
 371 0.301932953911642
 374 0.328855392567505
 377 0.356211962969305
 380 0.37728926174294
 383 0.407565676271105
 386 0.434123585031011
 389 0.454933781700351
 392 0.472640182758146
 395 0.492050218522748
 398 0.511627584140829
 401 0.521917990167258
 404 0.535772495883083
 407 0.546440500624341
 410 0.559577696368685
 413 0.570273376585534
 416 0.578501016295585
 419 0.5841744563233841
 422 0.591573770626135
 425 0.598841366949923
 428 0.606409675174454
 431 0.616680895435705
 434 0.626297246397706
 437 0.638231950423259
 440 0.65149304241161
 443 0.658850494121652
 446 0.671477897307715
 449 0.682565705323197
 452 0.697605042886412
 455 0.704551414804281
 458 0.712760315244788
 461 0.720109236597965
 464 0.732851468290589
 467 0.742076238968838
 470 0.748669421959418
 473 0.760965340969747
 476 0.765663096423
 479 0.775005946191149
 482 0.781356902989497
 485 0.789180873240425
 488 0.796570606614237
 491 0.803101049397704
 494 0.810691033733331
 497 0.816054951872426
 500 0.821540604925079
 503 0.830693905544345
 506 0.836458770241163
 509 0.838203271637636
 512 0.8440386028299099
 515 0.845432464611383
 518 0.850450943566476
 521 0.850955257583949
 524 0.8552191459658059
 527 0.860422816130422
 530 0.860692662448266
 533 0.864307031747183
 536 0.867473811012091
 539 0.86891762053199
 542 0.870174297556496
 545 0.870688572092952
 548 0.873385492180627
 551 0.875635115560816
 554 0.877806402720143
 557 0.878793196277209
 560 0.88168733721342
 563 0.884115306590221
 566 0.882886783925481
 569 0.885459898398777
 572 0.888515540169
 575 0.889298030870557
 578 0.890807946558012
 581 0.893703615947035
 584 0.893745934400765
 587 0.896878190720486
 590 0.898677014569201
 593 0.899349196204467
 596 0.899277421265634
 599 0.902120342163823
 602 0.903817450409288
 605 0.904907434728869
 608 0.906006046584319
 611 0.907463915272877
 614 0.909638323366188
 617 0.911194601416347
 620 0.911104430935389
 623 0.913457262360151
 626 0.916624729158544
 629 0.918270215473287
 632 0.919246160463122
 635 0.921247983495304
 638 0.92246706738225
 641 0.922524586497247
 644 0.9247122992572701
 647 0.925692230788418
 650 0.926260905055925
 653 0.92827800447374
 656 0.928666844940927
 659 0.928690146321465
 662 0.930600468459726
 665 0.931176306494085
 668 0.9327057210624961
 671 0.933249788550118
 674 0.932238056376232
 677 0.936129910353876
 680 0.936411931199604
 683 0.937286580162221
 686 0.938411373441239
 689 0.940386524534806
 692 0.940809581866503
 695 0.939220468990134
 698 0.943233503994132
 701 0.942390926962509
 704 0.94176451169303
 707 0.944683486447126
 710 0.943403595136444
 713 0.945322904268035
 716 0.947657398308224
 719 0.946962205891015
 722 0.948288990785071
 725 0.9496358709138381
 728 0.94891646085073
 731 0.950393750345888
 734 0.951478280879108
 737 0.952218625684789
 740 0.951471115821323
 743 0.951520474952857
 746 0.952960598040824
 749 0.953808649710191
 752 0.9554404573804059
 755 0.956887723549722
 758 0.957755816892346
 761 0.955818625879802
 764 0.95722169004488
 767 0.959537923787539
 770 0.958847933434162
 773 0.959619034142545
 776 0.960632436400471
 779 0.960114791920412
 782 0.960152497319361
 785 0.962488527418535
 788 0.962042823282648
 791 0.962408818793471
 794 0.962608047152871
 797 0.962608677369217
 800 0.962609307585563
 803 0.962397344349445
 806 0.96134497005221
 809 0.961427645444504
 812 0.961278551808712
 815 0.961586639081735
 818 0.961585556246848
 821 0.962355576252096
 824 0.960926813256804
 827 0.959767445972582
 830 0.957983619814986
 833 0.955459285239677
 836 0.9526414921079041
 839 0.949347392224145
 842 0.945755025986348
 845 0.942468818432974
 848 0.940192463451767
 851 0.938464188263033
 854 0.934879390245995
 857 0.9249896224670791
 860 0.899276081466084
 863 0.848547881010999
 866 0.770099532197091
 869 0.6689573886894979
 872 0.556045669800761
 875 0.43613629677151
 878 0.315904529431674
 881 0.215080548353051
 884 0.129917769198134
 887 0.06759418115859681
 890 0.0350810367705716
 893 0.0178483872495616
 896 0.00949287311221393
 899 0.00520078686355007
 902 0.00318450770007736
 905 0.00211149112645146
 908 0.00145213245043822
 911 0.00115450258040987
 914 0.000902380764174141
 917 0.000737309044355157
 920 0.000635425548556404
 923 0.000566682872473036
 926 0.00046393538146802
 929 0.000506457290972507
 932 0.000471128115768504
 935 0.000430613334490152
 938 0.000406051783730856
 941 0.000385654355399733
 944 0.00034959542982546
 947 0.000327359894354394
 950 0.000346958892628232
 953 0.00025241969635548
 956 0.000236963559339748
 959 0.000278552195295645
 962 0.000243926459036781
 965 0.000276941397048502
 968 0.000229013277072863
 971 0.000236020202517217
 974 0.000196444627040734
 977 0.000208668607561084
 980 0.000174397786885458
 983 0.000174506417051612
 986 0.000166740970782342
 989 0.00018706260876388
 992 0.000144193916929672
 995 0.000174581554430916
 998 0.000178961806732907
 1001 8.15207792884956e-05
# name: m
# type: scalar
218
# name: means
# type: matrix
# rows: 1
# columns: 7
 0.9894531750221518 0.9791230898102461 0.975244072523078 0.975244072523078 0.9773915303394947 0.9756909791953877 0.9746709631352783
# name: one
# type: matrix
# rows: 218
# columns: 2
 350 0.205118837391905
 353 0.215633341588618
 356 0.223092324905371
 359 0.236238094012622
 362 0.251061158838069
 365 0.269697164978752
 368 0.286542780549063
 371 0.315009590355516
 374 0.347254899760967
 377 0.376722852475828
 380 0.397455973454217
 383 0.428436769124394
 386 0.456515398045691
 389 0.480583048285536
 392 0.498465115221801
 395 0.518671560318126
 398 0.539161415096239
 401 0.55140465064008
 404 0.565045884578358
 407 0.578220614653531
 410 0.592401869725936
 413 0.602314759787546
 416 0.612981923851148
 419 0.61790470283643
 422 0.627533839697817
 425 0.633551392916525
 428 0.64124221281333
 431 0.653004413894415
 434 0.662779751633278
 437 0.675874880476301
 440 0.688667377758184
 443 0.698142709567255
 446 0.711233171777938
 449 0.72102216581527
 452 0.736803595454575
 455 0.743491677031393
 458 0.752863652799019
 461 0.759624241970923
 464 0.772559312667973
 467 0.7813680743158899
 470 0.79009111056404
 473 0.799734708043752
 476 0.80495847724527
 479 0.815383858937103
 482 0.821967693073142
 485 0.829521284384807
 488 0.836947240918494
 491 0.843318932061634
 494 0.851567008728381
 497 0.856461459353461
 500 0.86231054105781
 503 0.8717968807650071
 506 0.877321507980124
 509 0.877852308845684
 512 0.8834430833617281
 515 0.884708791871373
 518 0.88901749181978
 521 0.889694758541465
 524 0.893428463008444
 527 0.898736519131704
 530 0.898425396218703
 533 0.901196467839688
 536 0.903582398071835
 539 0.904324942933477
 542 0.904764268387046
 545 0.9058680928506569
 548 0.908164287890848
 551 0.909165415384629
 554 0.911679787650637
 557 0.914195944096663
 560 0.914658458076112
 563 0.91565919747303
 566 0.914028661886492
 569 0.917045325793161
 572 0.918584796689098
 575 0.919773328176094
 578 0.9196834067381749
 581 0.92251036653535
 584 0.921817634112936
 587 0.92531535553925
 590 0.925980540375523
 593 0.926991839034763
 596 0.925675564922141
 599 0.928705210340931
 602 0.930057311872783
 605 0.930651577590455
 608 0.930829348058727
 611 0.931822613720755
 614 0.934199581816086
 617 0.935194361349485
 620 0.9349449375537791
 623 0.93661819938686
 626 0.938753490181218
 629 0.940107282128225
 632 0.940715584124601
 635 0.942518768329755
 638 0.943235994525438
 641 0.94261954961108
 644 0.944646782635706
 647 0.945739029528339
 650 0.945522519576114
 653 0.947389315800373
 656 0.946989475377978
 659 0.9470393743187711
 662 0.948201599963034
 665 0.947969297507343
 668 0.949589679352659
 671 0.950088585699574
 674 0.948734890271717
 677 0.952534466768269
 680 0.951895003608514
 683 0.953531326461717
 686 0.953648989882761
 689 0.955209389050549
 692 0.955870978803499
 695 0.95392748080903
 698 0.957014336430474
 701 0.957118906344772
 704 0.955653866587694
 707 0.9585917468338711
 710 0.9568354572347521
 713 0.958304153632176
 716 0.960043995902963
 719 0.958799332239071
 722 0.960421162116828
 725 0.961153977228618
 728 0.960498120276351
 731 0.961201222847223
 734 0.961432398151288
 737 0.962245177901636
 740 0.961939997878034
 743 0.961427990729795
 746 0.962138254301667
 749 0.962819500207679
 752 0.964531864186261
 755 0.965331431592428
 758 0.965607695150856
 761 0.963801302270423
 764 0.964612581045852
 767 0.9667571127608739
 770 0.965648779106579
 773 0.966293519490214
 776 0.966907757317782
 779 0.966282423597828
 782 0.96590384654371
 785 0.967645017860528
 788 0.967033889660449
 791 0.96685247998274
 794 0.966681358649805
 797 0.966314830668843
 800 0.965948302687881
 803 0.965198001568991
 806 0.964463305305252
 809 0.96448642053131
 812 0.964273646081662
 815 0.964624901480975
 818 0.9644272047254731
 821 0.9650021912201801
 824 0.963595546970335
 827 0.962560498919227
 830 0.960895898490402
 833 0.958586071919649
 836 0.955969027076895
 839 0.952671904382603
 842 0.949553148127576
 845 0.946713584106865
 848 0.944664026120828
 851 0.942775409529094
 854 0.9392156525231909
 857 0.929133351647317
 860 0.903879697923231
 863 0.852975602680658
 866 0.774538888063095
 869 0.672111338329945
 872 0.559351034224151
 875 0.438919273868644
 878 0.318111909081125
 881 0.216150198471732
 884 0.130726121347902
 887 0.0683010787330032
 890 0.0355709626772504
 893 0.0181861413437573
 896 0.00971286702930906
 899 0.00529580299628062
 902 0.00329198786894864
 905 0.00212212126943258
 908 0.00156163349507158
 911 0.00110968721685005
 914 0.0009533432109557829
 917 0.000788353636450856
 920 0.000636354814332481
 923 0.000631532716264705
 926 0.000525832163151928
 929 0.00047565500247825
 932 0.000418196137159993
 935 0.000429294693681275
 938 0.000410827347986948
 941 0.000366845693668971
 944 0.000365444914412896
 947 0.000331012003121005
 950 0.00034269631565423
 953 0.000332073492123579
 956 0.000240159735548078
 959 0.000270208704662103
 962 0.000264524663875284
 965 0.000238060946441307
 968 0.000196789787277635
 971 0.000247025085559728
 974 0.000186083243041422
 977 0.000237708801301986
 980 0.000188300505513407
 983 0.000170119996586662
 986 0.000229881043760429
 989 0.000159839454190049
 992 0.000164683969942498
 995 0.000160336909849385
 998 0.000149965977695642
 1001 8.74308561630538e-05
# name: sdev
# type: matrix
# rows: 1
# columns: 7
 0.0481858266815918 0.06351332447976327 0.04532788785171277 0.04532788785171277 0.06653772334206109 0.05212881142835432 0.06425158634160068
# name: sdwave
# type: matrix
# rows: 1
# columns: 218
 0.01280049661449324 0.02220485206462738 0.01634190289558821 0.02130099120970204 0.02155053984436488 0.02021279518824301 0.02088102185809457 0.0212636252014649 0.0207408756281675 0.02175369024946105 0.02145299402492686 0.02018589805635728 0.01975723536934905 0.02105283020848401 0.02166737301516663 0.02114797992884357 0.02102267776240227 0.02222553368664426 0.02159945054669921 0.02274878618320152 0.02310935434876006 0.02206134548488338 0.02375309555157399 0.02327697472560602 0.02444335195076958 0.02279248918671776 0.02301814909352155 0.02359390632257784 0.02315177739991901 0.0234891568960234 0.02298470862735574 0.02359389267670459 0.0237734857562385 0.02280477331652663 0.02287464228305171 0.02273258252644586 0.02241196888395694 0.02226598288012093 0.02182213283445684 0.0216629774897483 0.02226626018464365 0.02060730746460908 0.02099815990556067 0.0208726155997792 0.02080007161630255 0.02073221138631465 0.02051798416146256 0.02015273965740871 0.02029304220704381 0.01998440894449702 0.01999504933591031 0.01989977099386295 0.01977593104306286 0.01918346141859834 0.01887969669114805 0.018735871166269 0.01827556775159633 0.01831833731931189 0.01817483737980365 0.01799650816893761 0.01772350260972956 0.01747463320064031 0.01682397714718609 0.01631883742172554 0.01602189793847558 0.01603310722367824 0.01577013414360575 0.01537892804413606 0.01550738890315938 0.01591418495464902 0.01514810359162124 0.01466259407889586 0.01404529569972029 0.01428683737347556 0.01383915616457285 0.01387778035674854 0.01304133507453818 0.01307176992956729 0.01279516937657327 0.01275839661467605 0.01234049075293962 0.01240547020304052 0.0118587893743487 0.01172340140009613 0.01168761116944388 0.01133343297213964 0.01102387529008834 0.01074229138692915 0.01079308630735745 0.01049450243805248 0.01039668338038985 0.0102092790359298 0.00967438133504237 0.009613466034755276 0.009449506313883383 0.009165134793930722 0.009017040062575435 0.008835584595764617 0.008759653238152566 0.008641936530662879 0.008440348729638329 0.008229964878439126 0.007936612592449975 0.007910810571565159 0.007707076318249297 0.007284063479568901 0.00732297885548386 0.007209105032380641 0.007045662720233413 0.006931515934055577 0.006595061680309463 0.006838569662588759 0.006444233648705984 0.006231666124527604 0.006356254987026112 0.006108756510840913 0.005741937754013558 0.006218921976010884 0.005903145454346496 0.005880310770441067 0.005601934650447738 0.005571043513905884 0.005222215124258339 0.00506940743681477 0.005017854648773726 0.004837082386856657 0.004778649123689667 0.00459311719974227 0.00426609745303951 0.004299171990096461 0.004240037294361243 0.004013558812503657 0.003758295657146036 0.003767915101030437 0.003667821254360057 0.003432810938043783 0.003284084489952663 0.003294908365764012 0.003098610918775258 0.002957013533347295 0.002887107333911241 0.002779476331096598 0.002637054627486623 0.002615170695155103 0.002435358673816699 0.002240285588317786 0.002130544753968344 0.00189295023555934 0.001818936898153896 0.001793535533526499 0.00180642722276058 0.001797062277425578 0.001800784391004079 0.001771667388918402 0.001726102765923117 0.00178311229825431 0.001685322516002177 0.001755454039623971 0.001652161021106592 0.001675880551680845 0.00170336013979273 0.001813012712053664 0.00186679103581762 0.001872752257504848 0.002003429807808338 0.0021439193753206 0.002300414541886981 0.002221300166918633 0.002149878607294219 0.002006617025441473 0.002196277180170899 0.002744109327383124 0.003827119537975654 0.005019698461814734 0.005706446037094956 0.007491668764937561 0.009035102114393661 0.01300580659421295 0.01471209937771291 0.01631380619534684 0.01646218568400777 0.01718211401227873 0.01668719999830557 0.01335967337943235 0.01422242057433943 0.01344040609869959 0.03333685347494059 0.02984866659803043 0.02502092174872047 0.03865927304386954 0.04096781605113214 0.04252003828616532 0.07849339990448731 0.03112685969280818 0.06292901347430728 0.04374779679061667 0.0719378302161793 0.03112687707337366 0.06423063090964967 0.03529406796112218 0.07960641758242486 0.1164244435595567 0.1195364676243867 0.03177314801459343 0.0463099051493405 0.09827802851030655 0.1262556825794751 0.04744839385047363 0.1098779834844604 0.1364847225898659 0.140556853933377 0.05766286350817335 0.1299502638999888 0.111725888290884 0.1141197016497605 0.1074435191635559 0.08890845225753408 0.2912473400485934
# name: seven
# type: matrix
# rows: 218
# columns: 2
 350 0.198349202324638
 353 0.206769683893249
 356 0.216519233932341
 359 0.224852422876673
 362 0.238971425214822
 365 0.257552634040642
 368 0.274540623280115
 371 0.299837972931267
 374 0.330938959159334
 377 0.357556696571565
 380 0.378473124128512
 383 0.406094150884568
 386 0.434915397807141
 389 0.455341310990998
 392 0.471069969237896
 395 0.492353404330858
 398 0.509375872675078
 401 0.521808662212469
 404 0.535051774091529
 407 0.544792070017038
 410 0.558650832305312
 413 0.568387075279288
 416 0.57505884232037
 419 0.582087777016782
 422 0.590112745539344
 425 0.597986396023522
 428 0.603897836551489
 431 0.615644324352432
 434 0.623211081736518
 437 0.636930670494514
 440 0.648718732017065
 443 0.656965118845106
 446 0.668733608796418
 449 0.679237702320821
 452 0.6947736673813349
 455 0.701658533517056
 458 0.71064357545693
 461 0.71811971958211
 464 0.730474463192812
 467 0.73903531624839
 470 0.746234916613144
 473 0.757794974083706
 476 0.762181962910132
 479 0.772032013665493
 482 0.778398622457728
 485 0.786359451816482
 488 0.793237360281739
 491 0.800161540736869
 494 0.807879689246211
 497 0.813972039280591
 500 0.818757906581553
 503 0.827983673984282
 506 0.833873713589936
 509 0.834913608051987
 512 0.840940338344273
 515 0.842187789449757
 518 0.847609702315376
 521 0.848021223789849
 524 0.852398084240228
 527 0.858070412644477
 530 0.857629200053839
 533 0.860898214501194
 536 0.864763387738663
 539 0.866909060463583
 542 0.867563051326921
 545 0.869139966869498
 548 0.871575064480121
 551 0.874274981676369
 554 0.876466081955698
 557 0.87715465732616
 560 0.88002559272194
 563 0.881191427334582
 566 0.881927263571222
 569 0.8845105255238001
 572 0.886465363588085
 575 0.887359578907178
 578 0.888979167413268
 581 0.891967746673861
 584 0.891694838029255
 587 0.8954980766699649
 590 0.897545349719821
 593 0.898075959322586
 596 0.897619767032886
 599 0.90118001483767
 602 0.90225321397373
 605 0.903817821607122
 608 0.904696579036663
 611 0.906082544968546
 614 0.908110742655042
 617 0.909976299070703
 620 0.909902122705132
 623 0.912100884706561
 626 0.914823276519301
 629 0.916851002164654
 632 0.917683042613724
 635 0.919836688753722
 638 0.921354724093308
 641 0.9211224321704909
 644 0.923311079260572
 647 0.924362990471045
 650 0.924935175685187
 653 0.927545917951147
 656 0.927644651212686
 659 0.92766308009271
 662 0.929574118755007
 665 0.930231081398469
 668 0.931907874248605
 671 0.932522279762382
 674 0.931729644292057
 677 0.936053467872915
 680 0.9352480207118919
 683 0.936926097123469
 686 0.938119523932782
 689 0.939509614023756
 692 0.940732541472963
 695 0.9387037569860101
 698 0.942495522550247
 701 0.941077163543435
 704 0.940809281517246
 707 0.943279473546958
 710 0.942664726057498
 713 0.94405529583103
 716 0.946452598923612
 719 0.945911246075066
 722 0.947374705265312
 725 0.948412072117893
 728 0.948152923275828
 731 0.949308955353245
 734 0.950548903836496
 737 0.951118250584823
 740 0.950604213127353
 743 0.951038397842906
 746 0.951922250069706
 749 0.9534880389247
 752 0.955031854827334
 755 0.956398108739514
 758 0.957426488665168
 761 0.955731383514878
 764 0.957054315874417
 767 0.958603256904431
 770 0.958170522856044
 773 0.959530395558911
 776 0.960220508910089
 779 0.959536846014976
 782 0.959906132286117
 785 0.962167303423788
 788 0.9617979147801829
 791 0.962086568554555
 794 0.961873655562228
 797 0.961876065670453
 800 0.961878475778678
 803 0.961179878139575
 806 0.960391038471427
 809 0.960487011432157
 812 0.9602342291002079
 815 0.960442178286868
 818 0.960686026372421
 821 0.96124639007361
 824 0.959724906996809
 827 0.958911276330969
 830 0.957142169175581
 833 0.954426259834978
 836 0.951624405829006
 839 0.948150724193869
 842 0.944581124969689
 845 0.941222182494431
 848 0.938876848977612
 851 0.936992195824646
 854 0.933707976676759
 857 0.924366182522845
 860 0.900548775650718
 863 0.85213631986215
 866 0.775824319273404
 869 0.675041366425303
 872 0.563414494044603
 875 0.443119740698522
 878 0.32285062906064
 881 0.22026832973297
 884 0.134064293650045
 887 0.06999581447772039
 890 0.0364826148734533
 893 0.0184501728051261
 896 0.00995167913946542
 899 0.00539421797396349
 902 0.00326590424984256
 905 0.00211609139783883
 908 0.00152859746366064
 911 0.00112285596078348
 914 0.000905016265139476
 917 0.000801327311132272
 920 0.000684147427594925
 923 0.000594728713524663
 926 0.000533126421621829
 929 0.0004187450418333
 932 0.000420061628556193
 935 0.000431887156434937
 938 0.000345264879936945
 941 0.000338247295520006
 944 0.000349901449589338
 947 0.000293130794467911
 950 0.000311182201388223
 953 0.000314805127171362
 956 0.000313091556293206
 959 0.000294931491519703
 962 0.000268299946474628
 965 0.000222860658549241
 968 0.000241461399483808
 971 0.000238826187889916
 974 0.000247110863994544
 977 0.000171554763553718
 980 0.000205831195476395
 983 0.000166126636263911
 986 0.000146556283075114
 989 0.00017244525198142
 992 0.000154144428066571
 995 0.000164372902276617
 998 0.000181406940332784
 1001 4.91234413681846e-05
# name: six
# type: matrix
# rows: 218
# columns: 2
 350 0.200544759643752
 353 0.206634091237927
 356 0.214391564606353
 359 0.222824544633026
 362 0.238862943967561
 365 0.25683261279927
 368 0.272030446815004
 371 0.298111467587927
 374 0.328855392567505
 377 0.354404646649121
 380 0.376539747078249
 383 0.406244849267526
 386 0.434627905143954
 389 0.456835775047049
 392 0.470845806609364
 395 0.491807568136055
 398 0.5097777910657389
 401 0.520396509463114
 404 0.535621446405811
 407 0.545422950866747
 410 0.560039189354213
 413 0.568872439358088
 416 0.576301366192111
 419 0.582678782706468
 422 0.590225857158966
 425 0.598485627298728
 428 0.606409675174454
 431 0.6157721953259599
 434 0.624629888980085
 437 0.636754687875579
 440 0.649739222581355
 443 0.657720173212452
 446 0.669096184889287
 449 0.68107571024073
 452 0.695397495673143
 455 0.7022093750937179
 458 0.712717758413389
 461 0.718627756962944
 464 0.730596493100218
 467 0.739588512429561
 470 0.746729475366319
 473 0.7594164830371219
 476 0.76289130347183
 479 0.773070207565235
 482 0.780079399575873
 485 0.787671804833762
 488 0.794135186310008
 491 0.801662119901526
 494 0.8092238553205
 497 0.8142690633649869
 500 0.819916958819919
 503 0.829055868030726
 506 0.834551274619339
 509 0.836587912621884
 512 0.842577134184529
 515 0.844065594464193
 518 0.849504252734147
 521 0.8499229334606661
 524 0.85335666494524
 527 0.859063552233603
 530 0.858956950270229
 533 0.862502240130975
 536 0.866553532749883
 539 0.869168295569368
 542 0.8695336277257339
 545 0.87088240144923
 548 0.873719202363833
 551 0.875307621284952
 554 0.87743716034035
 557 0.878793196277209
 560 0.881372698517187
 563 0.8823881087712721
 566 0.882712076215602
 569 0.885029105750074
 572 0.887319827746317
 575 0.888368636093595
 578 0.890396690003931
 581 0.893451914902425
 584 0.892759005184348
 587 0.896716325492339
 590 0.898592561968501
 593 0.899190041594232
 596 0.898962466961412
 599 0.902747227047925
 602 0.903817450409288
 605 0.9052977439068089
 608 0.905925215254217
 611 0.907311322041585
 614 0.909710303609122
 617 0.911194601416347
 620 0.911254719464171
 623 0.913378403194245
 626 0.916923660164183
 629 0.91782328089543
 632 0.9195431528545071
 635 0.921325955580474
 638 0.922389281138268
 641 0.922377399026482
 644 0.9247897147267
 647 0.925985900160861
 650 0.9260373809178351
 653 0.928794318126516
 656 0.928666844940927
 659 0.929203679435842
 662 0.93030941406585
 665 0.931389744418902
 668 0.933070451034561
 671 0.933749950841686
 674 0.932890645021592
 677 0.936710873209186
 680 0.936702908821532
 683 0.937432307348099
 686 0.938856827954146
 689 0.9405326762866481
 692 0.941318048463864
 695 0.940469832343391
 698 0.943901571406491
 701 0.942467755232631
 704 0.942134278212688
 707 0.944683486447126
 710 0.943629144644753
 713 0.945322904268035
 716 0.94750778269837
 719 0.947191362542613
 722 0.9485115994333601
 725 0.949859834092181
 728 0.949535328148283
 731 0.950393750345888
 734 0.951559805181091
 737 0.952768813234771
 740 0.952098588247436
 743 0.952468005824141
 746 0.953597004861831
 749 0.9542895658884279
 752 0.956249149933361
 755 0.957463235695054
 758 0.958258475765407
 761 0.956481667853231
 764 0.957723812556269
 767 0.95996520007696
 770 0.958767713760437
 773 0.959955860760356
 776 0.960798960279562
 779 0.960192426445023
 782 0.96047532046637
 785 0.962564606785712
 788 0.96244818907983
 791 0.962976996846298
 794 0.963094795067599
 797 0.963186147767065
 800 0.963277500466532
 803 0.962565335906772
 806 0.962004941408407
 809 0.961845015611152
 812 0.961578385000538
 815 0.962004078269908
 818 0.962002994964946
 821 0.962323871113657
 824 0.961015522038045
 827 0.959969253089029
 830 0.958294142739796
 833 0.9558740644516091
 836 0.952951138597715
 839 0.949561092445111
 842 0.946068406062221
 845 0.942589883757856
 848 0.940225350059827
 851 0.938321832961123
 854 0.934928407745196
 857 0.925565612751176
 860 0.9018072140661531
 863 0.852596679609898
 866 0.775998882167129
 869 0.674927984970816
 872 0.562076245826851
 875 0.442134782121081
 878 0.321448027633848
 881 0.219652177464509
 884 0.133490843185209
 887 0.0697619800825417
 890 0.0362793972763301
 893 0.0185943441203943
 896 0.009874908410824029
 899 0.00534584337331931
 902 0.00328933629076653
 905 0.00210468156869506
 908 0.00147642309798223
 911 0.00118469124369695
 914 0.000905505192849535
 917 0.000776733706843146
 920 0.000630539479580809
 923 0.00059834346385726
 926 0.000553428933961173
 929 0.000484986388290446
 932 0.000458043123057117
 935 0.0003982819213779
 938 0.000360194970355117
 941 0.000363933118783694
 944 0.000325297562247022
 947 0.000331487374050089
 950 0.00033908778822968
 953 0.000323056982089312
 956 0.000289587632853147
 959 0.000291987924108151
 962 0.000260227908059001
 965 0.00025637395139412
 968 0.000223389411087683
 971 0.000233847397194824
 974 0.000181214145499129
 977 0.000157245327706835
 980 0.000210291066344442
 983 0.000195321795423682
 986 0.000164248514560058
 989 0.000151511322943922
 992 0.000182412490395716
 995 0.000135332235725551
 998 0.00017494429284109
 1001 6.40333612801903e-05
# name: three
# type: matrix
# rows: 218
# columns: 2
 350 0.201239773873404
 353 0.206158947227261
 356 0.213514662391545
 359 0.224302193209413
 362 0.240058060901665
 365 0.258169918438222
 368 0.27482782148226
 371 0.299584597650454
 374 0.333643653242836
 377 0.360415401355814
 380 0.381945919549277
 383 0.409415213988005
 386 0.438839431069168
 389 0.457821254968068
 392 0.478535606132533
 395 0.496476934801571
 398 0.515666137608436
 401 0.527238617300311
 404 0.541123963077855
 407 0.551682916975467
 410 0.564429189855207
 413 0.577024349681575
 416 0.583398022143034
 419 0.5904344942431899
 422 0.596780047118209
 425 0.604969655058745
 428 0.613065193158434
 431 0.622973779728641
 434 0.6309886309330019
 437 0.644435957397827
 440 0.656923001507177
 443 0.664888668418597
 446 0.678258287355801
 449 0.689273809058104
 452 0.703219497512685
 455 0.711577533935971
 458 0.719334420547463
 461 0.727054782608676
 464 0.739406708668693
 467 0.748038832538344
 470 0.7550986857506919
 473 0.7667882429978869
 476 0.771561352606191
 479 0.78226605353194
 482 0.788215376062197
 485 0.795215771234983
 488 0.802786842214156
 491 0.809542783906121
 494 0.816800646547639
 497 0.8222437856309111
 500 0.8275730279075491
 503 0.8371244256946599
 506 0.842182547699071
 509 0.844422654680424
 512 0.850059804606311
 515 0.851864513828028
 518 0.856526127450974
 521 0.856986263747899
 524 0.861178192490563
 527 0.866329036998209
 530 0.866616141639448
 533 0.869970524599909
 536 0.872128831592495
 539 0.874543063282572
 542 0.875397823354083
 545 0.876737874672906
 548 0.87900760954859
 551 0.8806999669743391
 554 0.88321323536283
 557 0.884299526939731
 560 0.886808223299408
 563 0.889255090524824
 566 0.887248073772103
 569 0.890725342999938
 572 0.892615893330832
 575 0.893945004755369
 578 0.894903011819926
 581 0.897262147957041
 584 0.898165660891675
 587 0.901265590325538
 590 0.902941870904553
 593 0.90398143301815
 596 0.903305521051211
 599 0.906995196986246
 602 0.907953258786025
 605 0.90901381253844
 608 0.909861701030198
 611 0.910989622038
 614 0.913301317951031
 617 0.914913210536711
 620 0.914956563225753
 623 0.916461796581185
 626 0.919543239766227
 629 0.921038073472997
 632 0.922005063467309
 635 0.924374664110632
 638 0.925282929414398
 641 0.925406362240634
 644 0.927522480797608
 647 0.928420264695585
 650 0.928611762370314
 653 0.930705449259179
 656 0.931087830086763
 659 0.931104518426374
 662 0.932791035739946
 665 0.934011981780936
 668 0.934954889223562
 671 0.935629348543335
 674 0.934772528557048
 677 0.9383926077903439
 680 0.938019965426049
 683 0.939556856321168
 686 0.940761530009336
 689 0.942224959729026
 692 0.943012937121736
 695 0.941279604887169
 698 0.944942513653656
 701 0.94422712261841
 704 0.94396770387266
 707 0.946754599399307
 710 0.9449668865561081
 713 0.946887852955695
 716 0.948704707577201
 719 0.947942048125433
 722 0.949346381864444
 725 0.950467734147683
 728 0.9499934506932241
 731 0.950855192992012
 734 0.95171470135486
 737 0.952686695689998
 740 0.952098588247436
 743 0.952551122567237
 746 0.953597004861831
 749 0.954053326362277
 752 0.95600228589088
 755 0.956887723549722
 758 0.957513153988109
 761 0.955652865386445
 764 0.956807659202156
 767 0.959457809483273
 770 0.958170522856044
 773 0.959282207524734
 776 0.959799817005018
 779 0.9594592114903649
 782 0.959336944105864
 785 0.961440322804097
 788 0.96075071980413
 791 0.961272462687818
 794 0.961301513276495
 797 0.960721124874756
 800 0.960140736473016
 803 0.9594326700164501
 806 0.958755041619457
 809 0.958837494278647
 812 0.958805907247035
 815 0.958996059576256
 818 0.959108192709226
 821 0.959429067091968
 824 0.9582288723735219
 827 0.957181767496498
 830 0.955507769808241
 833 0.952885213240272
 836 0.950175939988433
 839 0.946888688720261
 842 0.943497745378464
 845 0.940404204644822
 848 0.938126524616968
 851 0.936574880652315
 854 0.933165794148042
 857 0.923282444239263
 860 0.8979628976726109
 863 0.847094886660922
 866 0.768595849330973
 869 0.666197847226971
 872 0.554392277579379
 875 0.433818699627491
 878 0.314452888374043
 881 0.212745715791189
 884 0.129066816724574
 887 0.0673334763309308
 890 0.0352087560630581
 893 0.0179759927812919
 896 0.00967204130251802
 899 0.00528502959949914
 902 0.00322797580498222
 905 0.00207596331793665
 908 0.00148029865240185
 911 0.00109682975677053
 914 0.000906307555867882
 917 0.000810837179748387
 920 0.000628021282617456
 923 0.000598301177549014
 926 0.000505921993188903
 929 0.000489461684852828
 932 0.000402851354032408
 935 0.000394959112094956
 938 0.000408857316662329
 941 0.000357067788277266
 944 0.00037034151964068
 947 0.00032463781327129
 950 0.000285326494434808
 953 0.000268380519616844
 956 0.000288587249176036
 959 0.000284938337738047
 962 0.000251507622115931
 965 0.000275723865143648
 968 0.000264499043403952
 971 0.000232097082869654
 974 0.000244505579743761
 977 0.000172550790621403
 980 0.000239942227323979
 983 0.000183331946589373
 986 0.000193951187616488
 989 0.000168316306056596
 992 0.000181020675413314
 995 0.000161567832843761
 998 0.000151843534758006
 1001 4.34372527286751e-05
# name: time
# type: matrix
# rows: 1
# columns: 6
 15 37 87 102 132 182
# name: two
# type: matrix
# rows: 218
# columns: 2
 350 0.204569948062127
 353 0.210369156146709
 356 0.220494173912037
 359 0.231949996729436
 362 0.247421111608569
 365 0.265322647436746
 368 0.280518036140949
 371 0.311026654538844
 374 0.337500594613287
 377 0.364828271247237
 380 0.388300241313448
 383 0.41839759743612
 386 0.445895684817091
 389 0.468182758429149
 392 0.487827335231308
 395 0.507879468172041
 398 0.525481662643015
 401 0.538535839295151
 404 0.553264025351157
 407 0.562452663609847
 410 0.578669544837228
 413 0.58841937453159
 416 0.596094736664351
 419 0.604919086202149
 422 0.612998996576314
 425 0.6187269145108431
 428 0.627865675384682
 431 0.638087040535932
 434 0.647222064175997
 437 0.659976957689693
 440 0.671974050713508
 443 0.679872202390949
 446 0.6942029509847299
 449 0.705221966213509
 452 0.719962243925084
 455 0.727557717717668
 458 0.73609996182175
 461 0.7441219964375539
 464 0.7553479395304959
 467 0.764467434098324
 470 0.772594898157366
 473 0.78307752931924
 476 0.788330699960774
 479 0.798168110094043
 482 0.804956874991509
 485 0.812728943418414
 488 0.820219182912742
 491 0.8264308579838781
 494 0.834031343593358
 497 0.839025646399279
 500 0.844449217686732
 503 0.853704432521367
 506 0.859906253635814
 509 0.8615858442227829
 512 0.867013821744181
 515 0.868314706516477
 518 0.87302192301577
 521 0.873774634203149
 524 0.877517585602079
 527 0.883003039526033
 530 0.882392812355803
 533 0.885909872339096
 536 0.888239064108086
 539 0.889960631337812
 542 0.890672632125583
 545 0.891447594668952
 548 0.893632907937116
 551 0.895518837090641
 554 0.898139931251463
 557 0.898542505299895
 560 0.902170881557373
 563 0.902368414901719
 566 0.90068227343178
 569 0.904276305876044
 572 0.906278363215187
 575 0.907107005072922
 578 0.907581963880852
 581 0.910749852209599
 584 0.9106009690185281
 587 0.913609943777422
 590 0.915347957947388
 593 0.915968288136378
 596 0.914768200070662
 599 0.918089409737785
 602 0.919361538130173
 605 0.920414093110753
 608 0.921113422180434
 611 0.921711304341962
 614 0.924202325853086
 617 0.925089618365029
 620 0.925136633570102
 623 0.927218186810817
 626 0.929596761482181
 629 0.93090983897338
 632 0.932141882720654
 635 0.9334428176159349
 638 0.9345550496970489
 641 0.934562972263976
 644 0.936603315361844
 647 0.937562655948217
 650 0.937652928369586
 653 0.939598373965201
 656 0.939365293585379
 659 0.939290389563017
 662 0.940749075614592
 665 0.941421326885287
 668 0.943214503382611
 671 0.943222721515322
 674 0.942300062698869
 677 0.945899259420789
 680 0.944957484517281
 683 0.946436713465006
 686 0.947205259946049
 689 0.948678713402461
 692 0.9497693796351609
 695 0.947827194312571
 698 0.951312458748245
 701 0.95059618621147
 704 0.950068851447022
 707 0.95282055568622
 710 0.950527848571331
 713 0.952858132199119
 716 0.954563339878844
 719 0.953749983950414
 722 0.955030852704684
 725 0.95619479256531
 728 0.955515032945411
 731 0.956724419631314
 734 0.957543688946677
 737 0.958558100141304
 740 0.956821143875541
 743 0.9571474784603961
 746 0.958068600156804
 749 0.958963733655852
 752 0.959986160783333
 755 0.961234128707005
 758 0.961889752796661
 761 0.960311607673431
 764 0.961256288469725
 767 0.963018445228444
 770 0.961824974659047
 773 0.962747976144839
 776 0.9633143472953
 779 0.962909634806402
 782 0.962497212808165
 785 0.964661016014588
 788 0.96389230473229
 791 0.964028550257499
 794 0.96399143596315
 797 0.963677428553295
 800 0.96336342114344
 803 0.9625816582487
 806 0.962189145637212
 809 0.962074373580833
 812 0.96207782084884
 815 0.962530142876223
 818 0.962434822701441
 821 0.962890403537487
 824 0.961373495842161
 827 0.9603454604294061
 830 0.958684310163861
 833 0.956177267198661
 836 0.953270274828337
 839 0.950089114608282
 842 0.946799210419941
 845 0.943989036274001
 848 0.942068099068133
 851 0.940126543707502
 854 0.936515671786551
 857 0.926626543543636
 860 0.901495520760683
 863 0.850438646161304
 866 0.771650893743394
 869 0.669501810605886
 872 0.5569466064156871
 875 0.436438718498141
 878 0.316113569694013
 881 0.21439681006581
 884 0.130256125811142
 887 0.0678539721754324
 890 0.0353483701653063
 893 0.0181345157429909
 896 0.009744060652969899
 899 0.00533727066524104
 902 0.00324258689953506
 905 0.00211727799820118
 908 0.00150863270381774
 911 0.0011446446632248
 914 0.000919130858907746
 917 0.000748856665001602
 920 0.0006890357389336389
 923 0.000563250187877403
 926 0.000550042838719908
 929 0.000471809564704381
 932 0.000452998639169025
 935 0.000395845236317269
 938 0.000409747510905654
 941 0.000363502820727201
 944 0.000333041182226296
 947 0.00029966433200353
 950 0.000301338657149147
 953 0.000277697072977188
 956 0.000255819201947276
 959 0.000272063270515471
 962 0.00027485975273202
 965 0.000256790714173072
 968 0.000256680449552178
 971 0.000213274017427649
 974 0.000203811042274438
 977 0.000201790564855554
 980 0.000223377510488423
 983 0.000177528669924759
 986 0.000170110498615461
 989 0.000169215257655772
 992 0.00019388669502842
 995 0.000171131484387546
 998 0.000167151188733339
 1001 6.2490362826354e-05
# name: wave
# type: matrix
# rows: 218
# columns: 1
 350
 353
 356
 359
 362
 365
 368
 371
 374
 377
 380
 383
 386
 389
 392
 395
 398
 401
 404
 407
 410
 413
 416
 419
 422
 425
 428
 431
 434
 437
 440
 443
 446
 449
 452
 455
 458
 461
 464
 467
 470
 473
 476
 479
 482
 485
 488
 491
 494
 497
 500
 503
 506
 509
 512
 515
 518
 521
 524
 527
 530
 533
 536
 539
 542
 545
 548
 551
 554
 557
 560
 563
 566
 569
 572
 575
 578
 581
 584
 587
 590
 593
 596
 599
 602
 605
 608
 611
 614
 617
 620
 623
 626
 629
 632
 635
 638
 641
 644
 647
 650
 653
 656
 659
 662
 665
 668
 671
 674
 677
 680
 683
 686
 689
 692
 695
 698
 701
 704
 707
 710
 713
 716
 719
 722
 725
 728
 731
 734
 737
 740
 743
 746
 749
 752
 755
 758
 761
 764
 767
 770
 773
 776
 779
 782
 785
 788
 791
 794
 797
 800
 803
 806
 809
 812
 815
 818
 821
 824
 827
 830
 833
 836
 839
 842
 845
 848
 851
 854
 857
 860
 863
 866
 869
 872
 875
 878
 881
 884
 887
 890
 893
 896
 899
 902
 905
 908
 911
 914
 917
 920
 923
 926
 929
 932
 935
 938
 941
 944
 947
 950
 953
 956
 959
 962
 965
 968
 971
 974
 977
 980
 983
 986
 989
 992
 995
 998
 1001
# name: zer
# type: matrix
# rows: 1
# columns: 218
 0 0 0 0 0 0 0 0 0 0 0 0 0 0 0 0 0 0 0 0 0 0 0 0 0 0 0 0 0 0 0 0 0 0 0 0 0 0 0 0 0 0 0 0 0 0 0 0 0 0 0 0 0 0 0 0 0 0 0 0 0 0 0 0 0 0 0 0 0 0 0 0 0 0 0 0 0 0 0 0 0 0 0 0 0 0 0 0 0 0 0 0 0 0 0 0 0 0 0 0 0 0 0 0 0 0 0 0 0 0 0 0 0 0 0 0 0 0 0 0 0 0 0 0 0 0 0 0 0 0 0 0 0 0 0 0 0 0 0 0 0 0 0 0 0 0 0 0 0 0 0 0 0 0 0 0 0 0 0 0 0 0 0 0 0 0 0 0 0 0 0 0 0 0 0 0 0 0 0 0 0 0 0 0 0 0 0 0 0 0 0 0 0 0 0 0 0 0 0 0 0 0 0 0 0 0 0 0 0 0 0 0 0 0 0 0 0 0
