350	0.201239773873404
353	0.206158947227261
356	0.213514662391545
359	0.224302193209413
362	0.240058060901665
365	0.258169918438222
368	0.27482782148226
371	0.299584597650454
374	0.333643653242836
377	0.360415401355814
380	0.381945919549277
383	0.409415213988005
386	0.438839431069168
389	0.457821254968068
392	0.478535606132533
395	0.496476934801571
398	0.515666137608436
401	0.527238617300311
404	0.541123963077855
407	0.551682916975467
410	0.564429189855207
413	0.577024349681575
416	0.583398022143034
419	0.59043449424319
422	0.596780047118209
425	0.604969655058745
428	0.613065193158434
431	0.622973779728641
434	0.630988630933002
437	0.644435957397827
440	0.656923001507177
443	0.664888668418597
446	0.678258287355801
449	0.689273809058104
452	0.703219497512685
455	0.711577533935971
458	0.719334420547463
461	0.727054782608676
464	0.739406708668693
467	0.748038832538344
470	0.755098685750692
473	0.766788242997887
476	0.771561352606191
479	0.78226605353194
482	0.788215376062197
485	0.795215771234983
488	0.802786842214156
491	0.809542783906121
494	0.816800646547639
497	0.822243785630911
500	0.827573027907549
503	0.83712442569466
506	0.842182547699071
509	0.844422654680424
512	0.850059804606311
515	0.851864513828028
518	0.856526127450974
521	0.856986263747899
524	0.861178192490563
527	0.866329036998209
530	0.866616141639448
533	0.869970524599909
536	0.872128831592495
539	0.874543063282572
542	0.875397823354083
545	0.876737874672906
548	0.87900760954859
551	0.880699966974339
554	0.88321323536283
557	0.884299526939731
560	0.886808223299408
563	0.889255090524824
566	0.887248073772103
569	0.890725342999938
572	0.892615893330832
575	0.893945004755369
578	0.894903011819926
581	0.897262147957041
584	0.898165660891675
587	0.901265590325538
590	0.902941870904553
593	0.90398143301815
596	0.903305521051211
599	0.906995196986246
602	0.907953258786025
605	0.90901381253844
608	0.909861701030198
611	0.910989622038
614	0.913301317951031
617	0.914913210536711
620	0.914956563225753
623	0.916461796581185
626	0.919543239766227
629	0.921038073472997
632	0.922005063467309
635	0.924374664110632
638	0.925282929414398
641	0.925406362240634
644	0.927522480797608
647	0.928420264695585
650	0.928611762370314
653	0.930705449259179
656	0.931087830086763
659	0.931104518426374
662	0.932791035739946
665	0.934011981780936
668	0.934954889223562
671	0.935629348543335
674	0.934772528557048
677	0.938392607790344
680	0.938019965426049
683	0.939556856321168
686	0.940761530009336
689	0.942224959729026
692	0.943012937121736
695	0.941279604887169
698	0.944942513653656
701	0.94422712261841
704	0.94396770387266
707	0.946754599399307
710	0.944966886556108
713	0.946887852955695
716	0.948704707577201
719	0.947942048125433
722	0.949346381864444
725	0.950467734147683
728	0.949993450693224
731	0.950855192992012
734	0.95171470135486
737	0.952686695689998
740	0.952098588247436
743	0.952551122567237
746	0.953597004861831
749	0.954053326362277
752	0.95600228589088
755	0.956887723549722
758	0.957513153988109
761	0.955652865386445
764	0.956807659202156
767	0.959457809483273
770	0.958170522856044
773	0.959282207524734
776	0.959799817005018
779	0.959459211490365
782	0.959336944105864
785	0.961440322804097
788	0.96075071980413
791	0.961272462687818
794	0.961301513276495
797	0.960721124874756
800	0.960140736473016
803	0.95943267001645
806	0.958755041619457
809	0.958837494278647
812	0.958805907247035
815	0.958996059576256
818	0.959108192709226
821	0.959429067091968
824	0.958228872373522
827	0.957181767496498
830	0.955507769808241
833	0.952885213240272
836	0.950175939988433
839	0.946888688720261
842	0.943497745378464
845	0.940404204644822
848	0.938126524616968
851	0.936574880652315
854	0.933165794148042
857	0.923282444239263
860	0.897962897672611
863	0.847094886660922
866	0.768595849330973
869	0.666197847226971
872	0.554392277579379
875	0.433818699627491
878	0.314452888374043
881	0.212745715791189
884	0.129066816724574
887	0.0673334763309308
890	0.0352087560630581
893	0.0179759927812919
896	0.00967204130251802
899	0.00528502959949914
902	0.00322797580498222
905	0.00207596331793665
908	0.00148029865240185
911	0.00109682975677053
914	0.000906307555867882
917	0.000810837179748387
920	0.000628021282617456
923	0.000598301177549014
926	0.000505921993188903
929	0.000489461684852828
932	0.000402851354032408
935	0.000394959112094956
938	0.000408857316662329
941	0.000357067788277266
944	0.00037034151964068
947	0.00032463781327129
950	0.000285326494434808
953	0.000268380519616844
956	0.000288587249176036
959	0.000284938337738047
962	0.000251507622115931
965	0.000275723865143648
968	0.000264499043403952
971	0.000232097082869654
974	0.000244505579743761
977	0.000172550790621403
980	0.000239942227323979
983	0.000183331946589373
986	0.000193951187616488
989	0.000168316306056596
992	0.000181020675413314
995	0.000161567832843761
998	0.000151843534758006
1001	4.34372527286751E-05
