350	0.204569948062127
353	0.210369156146709
356	0.220494173912037
359	0.231949996729436
362	0.247421111608569
365	0.265322647436746
368	0.280518036140949
371	0.311026654538844
374	0.337500594613287
377	0.364828271247237
380	0.388300241313448
383	0.41839759743612
386	0.445895684817091
389	0.468182758429149
392	0.487827335231308
395	0.507879468172041
398	0.525481662643015
401	0.538535839295151
404	0.553264025351157
407	0.562452663609847
410	0.578669544837228
413	0.58841937453159
416	0.596094736664351
419	0.604919086202149
422	0.612998996576314
425	0.618726914510843
428	0.627865675384682
431	0.638087040535932
434	0.647222064175997
437	0.659976957689693
440	0.671974050713508
443	0.679872202390949
446	0.69420295098473
449	0.705221966213509
452	0.719962243925084
455	0.727557717717668
458	0.73609996182175
461	0.744121996437554
464	0.755347939530496
467	0.764467434098324
470	0.772594898157366
473	0.78307752931924
476	0.788330699960774
479	0.798168110094043
482	0.804956874991509
485	0.812728943418414
488	0.820219182912742
491	0.826430857983878
494	0.834031343593358
497	0.839025646399279
500	0.844449217686732
503	0.853704432521367
506	0.859906253635814
509	0.861585844222783
512	0.867013821744181
515	0.868314706516477
518	0.87302192301577
521	0.873774634203149
524	0.877517585602079
527	0.883003039526033
530	0.882392812355803
533	0.885909872339096
536	0.888239064108086
539	0.889960631337812
542	0.890672632125583
545	0.891447594668952
548	0.893632907937116
551	0.895518837090641
554	0.898139931251463
557	0.898542505299895
560	0.902170881557373
563	0.902368414901719
566	0.90068227343178
569	0.904276305876044
572	0.906278363215187
575	0.907107005072922
578	0.907581963880852
581	0.910749852209599
584	0.910600969018528
587	0.913609943777422
590	0.915347957947388
593	0.915968288136378
596	0.914768200070662
599	0.918089409737785
602	0.919361538130173
605	0.920414093110753
608	0.921113422180434
611	0.921711304341962
614	0.924202325853086
617	0.925089618365029
620	0.925136633570102
623	0.927218186810817
626	0.929596761482181
629	0.93090983897338
632	0.932141882720654
635	0.933442817615935
638	0.934555049697049
641	0.934562972263976
644	0.936603315361844
647	0.937562655948217
650	0.937652928369586
653	0.939598373965201
656	0.939365293585379
659	0.939290389563017
662	0.940749075614592
665	0.941421326885287
668	0.943214503382611
671	0.943222721515322
674	0.942300062698869
677	0.945899259420789
680	0.944957484517281
683	0.946436713465006
686	0.947205259946049
689	0.948678713402461
692	0.949769379635161
695	0.947827194312571
698	0.951312458748245
701	0.95059618621147
704	0.950068851447022
707	0.95282055568622
710	0.950527848571331
713	0.952858132199119
716	0.954563339878844
719	0.953749983950414
722	0.955030852704684
725	0.95619479256531
728	0.955515032945411
731	0.956724419631314
734	0.957543688946677
737	0.958558100141304
740	0.956821143875541
743	0.957147478460396
746	0.958068600156804
749	0.958963733655852
752	0.959986160783333
755	0.961234128707005
758	0.961889752796661
761	0.960311607673431
764	0.961256288469725
767	0.963018445228444
770	0.961824974659047
773	0.962747976144839
776	0.9633143472953
779	0.962909634806402
782	0.962497212808165
785	0.964661016014588
788	0.96389230473229
791	0.964028550257499
794	0.96399143596315
797	0.963677428553295
800	0.96336342114344
803	0.9625816582487
806	0.962189145637212
809	0.962074373580833
812	0.96207782084884
815	0.962530142876223
818	0.962434822701441
821	0.962890403537487
824	0.961373495842161
827	0.960345460429406
830	0.958684310163861
833	0.956177267198661
836	0.953270274828337
839	0.950089114608282
842	0.946799210419941
845	0.943989036274001
848	0.942068099068133
851	0.940126543707502
854	0.936515671786551
857	0.926626543543636
860	0.901495520760683
863	0.850438646161304
866	0.771650893743394
869	0.669501810605886
872	0.556946606415687
875	0.436438718498141
878	0.316113569694013
881	0.21439681006581
884	0.130256125811142
887	0.0678539721754324
890	0.0353483701653063
893	0.0181345157429909
896	0.0097440606529699
899	0.00533727066524104
902	0.00324258689953506
905	0.00211727799820118
908	0.00150863270381774
911	0.0011446446632248
914	0.000919130858907746
917	0.000748856665001602
920	0.000689035738933639
923	0.000563250187877403
926	0.000550042838719908
929	0.000471809564704381
932	0.000452998639169025
935	0.000395845236317269
938	0.000409747510905654
941	0.000363502820727201
944	0.000333041182226296
947	0.00029966433200353
950	0.000301338657149147
953	0.000277697072977188
956	0.000255819201947276
959	0.000272063270515471
962	0.00027485975273202
965	0.000256790714173072
968	0.000256680449552178
971	0.000213274017427649
974	0.000203811042274438
977	0.000201790564855554
980	0.000223377510488423
983	0.000177528669924759
986	0.000170110498615461
989	0.000169215257655772
992	0.00019388669502842
995	0.000171131484387546
998	0.000167151188733339
1001	6.2490362826354E-05
