350	0.19911666503406
353	0.204698192738835
356	0.215423893800551
359	0.225547500989907
362	0.237015116335657
365	0.25683261279927
368	0.271552317964506
371	0.299837972931267
374	0.329364940270255
377	0.35671614992558
380	0.374921536971795
383	0.406999607555285
386	0.433151787352298
389	0.455511162359687
392	0.472511705855942
395	0.492110753944166
398	0.510702687603284
401	0.521321241747369
404	0.534538205868805
407	0.543916977225507
410	0.557681309226471
413	0.569482821457186
416	0.575100607828664
419	0.582404740962089
422	0.589251840434438
425	0.59713142509712
428	0.603897836551489
431	0.613892219949211
434	0.625000125176855
437	0.636102808596989
440	0.647532115081845
443	0.655455010110415
446	0.668631566422976
449	0.678889689483378
452	0.693286541227637
455	0.699730587998739
458	0.709451984177751
461	0.716805217268062
464	0.729491349009206
467	0.737377383980869
470	0.745437241204797
473	0.756984992490198
476	0.761541172066582
479	0.772171212847581
482	0.778466304757787
485	0.785179159480186
488	0.793686273295874
491	0.799786395945705
494	0.807023728390515
497	0.812246054790173
500	0.817539259841949
503	0.826722424760721
506	0.832704436842052
509	0.834675317513949
512	0.840530832868134
515	0.842073187236543
518	0.847107138046362
521	0.848021223789849
524	0.851546632461503
527	0.857338164029094
530	0.857374357673597
533	0.860197110244927
536	0.864047973285407
539	0.866105425784928
542	0.867464884175433
545	0.868655900885496
548	0.871289312646597
551	0.873197102618268
554	0.87549597271115
557	0.87633586500234
560	0.879441532866658
563	0.880261397739763
566	0.880793035507084
569	0.883561152648822
572	0.885525811279924
575	0.886598360327952
578	0.888471659325253
581	0.891056415305445
584	0.891368722288178
587	0.894518366078546
590	0.89625322492911
593	0.897112655102743
596	0.896906975712805
599	0.900470645100397
602	0.90163079528733
605	0.903590141253324
608	0.904542999509468
611	0.905929951737254
614	0.908190720702746
617	0.9096737141744
620	0.909902122705132
623	0.911880079042023
626	0.91497274202212
629	0.916474636204353
632	0.917386050222338
635	0.920062807800716
638	0.92112914398576
641	0.920828057228963
644	0.922722721692897
647	0.924587106571067
650	0.924642281987001
653	0.927029604298371
656	0.927275739190464
659	0.927080564918193
662	0.928700955573381
665	0.929865187813069
668	0.931619129687387
671	0.932090321419665
674	0.931441291169689
677	0.935548947498567
680	0.935102531900928
683	0.936557944232829
686	0.937389900161641
689	0.939655765775597
692	0.940069994088522
695	0.93870375698601
698	0.942868397385052
701	0.941369110969896
704	0.940809281517246
707	0.943938816621623
710	0.942516952241709
713	0.94405529583103
716	0.947051061363027
719	0.945761108958502
722	0.948137934916589
725	0.949099959022803
728	0.948691418197075
731	0.950005167064941
734	0.951168488531571
737	0.951668438134806
740	0.951314247714796
743	0.951520474952857
746	0.952793122561611
749	0.9534880389247
752	0.955031854827334
755	0.956887723549722
758	0.957261824551578
761	0.95598438637316
764	0.957054315874417
767	0.959119549087481
770	0.958170522856044
773	0.959025155632195
776	0.960220508910089
779	0.959536846014976
782	0.959498355679368
785	0.961922158796218
788	0.961958372074901
791	0.962247693674013
794	0.962035904867138
797	0.96203982593253
800	0.962043746997923
803	0.961220027661479
806	0.960552413141634
809	0.960527132012269
812	0.960391752847496
815	0.960713290293783
818	0.960726155265602
821	0.96117496289853
824	0.960205582508801
827	0.958951331090924
830	0.957076850385994
833	0.954466127250949
836	0.95146176682888
839	0.948190329473937
842	0.944620581143741
845	0.941451783204064
848	0.938916066877893
851	0.937031335000929
854	0.93374697866766
857	0.924579145801361
860	0.900586392545969
863	0.852255220065163
866	0.775449312846032
869	0.675230935677834
872	0.562579204032078
875	0.442449270391949
878	0.321663737543092
881	0.220423718010946
884	0.134069893660425
887	0.070095182601173
890	0.0365182799486618
893	0.0185682033985171
896	0.00989463088214766
899	0.00538338123062292
902	0.00327686084438068
905	0.00217117514357908
908	0.00157501237457053
911	0.00118688255116618
914	0.000952404763642873
917	0.000738991288062365
920	0.000601686887659286
923	0.00060020322124925
926	0.00046984922139725
929	0.000471161839468011
932	0.000474649323317043
935	0.000430788757650285
938	0.000342873718271044
941	0.000362959924088315
944	0.00030887629148907
947	0.000332585695383707
950	0.000352973215667314
953	0.000264664669852255
956	0.000316601817917614
959	0.000266703801703151
962	0.000267313373342588
965	0.000209085058720811
968	0.0002879825683815
971	0.000221335941730036
974	0.000225168418634593
977	0.000184152052827527
980	0.000168884968099421
983	0.000163260254917536
986	0.000182669073827021
989	0.000209324994486308
992	0.000176432531250672
995	0.000135547039822276
998	0.000145250238189882
1001	0.000113146661246662
