350	0.259126290443019
360	0.303233379520685
370	0.369494512742703
380	0.463696439341933
390	0.549743661088643
400	0.611886880001906
410	0.660390855692438
420	0.701245949410718
430	0.750843457093239
440	0.799717545628486
450	0.842724062558767
460	0.877919282879785
470	0.906988051818325
480	0.92652604007967
490	0.942616628984565
500	0.951285486566938
510	0.960379952395854
520	0.965720283873637
530	0.969255976285837
540	0.945314576564523
550	0.967074745143173
560	0.967773604589215
570	0.968065286445875
580	0.968899247925805
590	0.970671125648947
600	0.971615392261959
610	0.972234479451228
620	0.974715255516555
630	0.976452416047785
640	0.977778305289668
650	0.979639920148269
660	0.979401335145723
670	0.980436655929004
680	0.9818321646842
690	0.983287070127022
700	0.984425566142615
710	0.984754614459772
720	0.986280604638738
730	0.986755086082717
740	0.988063976996498
750	0.989420633722502
760	0.989849338505869
770	0.989543023874058
780	0.989902095830838
790	0.990845273600671
800	0.991788451370504
810	0.989793144621719
820	0.988692680209995
830	0.983512299703342
840	0.977849069854309
850	0.970476643403662
860	0.930024462785972
870	0.700476150883144
880	0.322362894865554
890	0.0794563563921504
900	0.0137594341828289
910	0.00417154310549424
920	0.00170796975262521
