350	0.344042335540813
360	0.385113210782792
370	0.441917383655616
380	0.514951578296309
390	0.599136737101478
400	0.674363300464535
410	0.730238625679663
420	0.787321898737701
430	0.829329590616194
440	0.858020404235076
450	0.870376248392627
460	0.886145587610586
470	0.892515507630854
480	0.900150099701881
490	0.909859994040457
500	0.914531048073339
510	0.921150652332754
520	0.926260589277954
530	0.929781036818862
540	0.906801556052574
550	0.929105735866855
560	0.931316696241501
570	0.933226280742787
580	0.936178873569977
590	0.94011648495278
600	0.943121563314901
610	0.946258963970559
620	0.950633348925433
630	0.953905599649516
640	0.956796614751208
650	0.959789700640735
660	0.960930329965091
670	0.962709855805398
680	0.964408209761227
690	0.966085441524187
700	0.966800875904783
710	0.966968070540273
720	0.968217211523291
730	0.967923856253634
740	0.968388268097662
750	0.96880009845075
760	0.968271646520933
770	0.966814282354563
780	0.965755002119043
790	0.965427956714149
800	0.965100911309254
810	0.962342258715952
820	0.960197227311201
830	0.953863475863273
840	0.946821982850235
850	0.938084894161072
860	0.897482611250564
870	0.677219946312803
880	0.31194261297678
890	0.0773108026423326
900	0.0136056943565604
910	0.00412837122837478
920	0.00166906291050171
