350	0.179142570413795
353	0.17993306305576
356	0.183868374765467
359	0.190770125393806
362	0.196659445811717
365	0.204474598688354
368	0.209421852293964
371	0.218169719250753
374	0.231645188299844
377	0.242310868893289
380	0.253087777239859
383	0.267752082438438
386	0.280228163128077
389	0.292573522135321
392	0.305811794678256
395	0.317258559788093
398	0.329423459809169
401	0.343662605994637
404	0.355491651786319
407	0.366724330424287
410	0.37982637943771
413	0.390586100006507
416	0.400180051495472
419	0.410412576951891
422	0.422168381220468
425	0.435116835578894
428	0.449161116360477
431	0.460120766196012
434	0.471944185571869
437	0.484895101891021
440	0.493638706951785
443	0.502396441791802
446	0.510389660547939
449	0.517203598783995
452	0.52506867979246
455	0.532383347384417
458	0.539282673520709
461	0.5457842447204
464	0.553199623062138
467	0.559882656753613
470	0.567943571283129
473	0.574371733486413
476	0.58145957441065
479	0.587186767699158
482	0.593260809389118
485	0.597967179828903
488	0.603682895186425
491	0.608999397307108
494	0.613670863330982
497	0.617609816489782
500	0.621187205887762
503	0.626015917552998
506	0.628733633657252
509	0.632558092431231
512	0.634635018587899
515	0.636984595839715
518	0.639771383553223
521	0.641077145300782
524	0.642774949120304
527	0.645015176580105
530	0.64555816395208
533	0.646961207398216
536	0.649681899578078
539	0.650787280243618
542	0.651407489057646
545	0.652595761307463
548	0.653743639738639
551	0.654694912716933
554	0.655533604481671
557	0.65623546884093
560	0.658050294224565
563	0.659020113052885
566	0.659535542990612
569	0.660446659121712
572	0.6615208728307
575	0.661909820954747
578	0.663886082681088
581	0.664733536397629
584	0.664706269521253
587	0.666304365825658
590	0.666949451423526
593	0.667437236379168
596	0.669405172576366
599	0.669652985291454
602	0.669732786117499
605	0.67104027568479
608	0.671560606602552
611	0.672584375736423
614	0.673908520813521
617	0.674497082188286
620	0.675161877778083
623	0.676606311427418
626	0.67674753577926
629	0.677343016778359
632	0.67784513434801
635	0.678367421023841
638	0.679041062404829
641	0.679203874089115
644	0.680433537325875
647	0.680149211928928
650	0.680670999878543
653	0.680807289073949
656	0.68170086422804
659	0.681570592371838
662	0.681897897857987
665	0.68144420834972
668	0.681207423982666
671	0.681180812139293
674	0.681217526605538
677	0.681945092906068
680	0.683412430926068
683	0.683649789974585
686	0.683956937112863
689	0.68301236330657
692	0.68150700567408
695	0.680895805659534
698	0.680403664136353
701	0.68085758967911
704	0.683191177581172
707	0.684678199963707
710	0.685836027143623
713	0.683945473251944
716	0.681689880304046
719	0.678224020652619
722	0.674852415732586
725	0.674185380629397
728	0.677219478843695
731	0.681382374809967
734	0.687305588154837
737	0.690645047658049
740	0.690212736746836
743	0.685104158954024
746	0.678199429479986
749	0.670939046435865
752	0.667297620371614
755	0.66695555282949
758	0.671599023548383
761	0.680081037031639
764	0.6888480813845
767	0.695733366820509
770	0.697823353622867
773	0.694103789932664
776	0.684709838157259
779	0.672139219965086
782	0.660558761625522
785	0.652794606499632
788	0.649904310768641
791	0.653721845916801
794	0.662981976801795
797	0.677370073420663
800	0.691758170039532
803	0.696218348970632
806	0.696356948632899
809	0.690805019286676
812	0.681233986893898
815	0.668599232134857
818	0.654078880222286
821	0.641510696113477
824	0.63240870528146
827	0.629756211689605
830	0.633659240806327
833	0.644452798240196
836	0.660575474967049
839	0.67993469869781
842	0.697718620596907
845	0.710708282292192
848	0.716851935621341
851	0.713237028320296
854	0.698917483459807
857	0.672370182704544
860	0.630072482312323
863	0.571324194918894
866	0.498931306245168
869	0.420229445589533
872	0.343848923971992
875	0.271312534590652
878	0.205855761221234
881	0.155606945618414
884	0.115404503520984
887	0.0859939808720804
890	0.0671332849709267
893	0.0537527688123167
896	0.0420818211630282
899	0.0311043520061812
902	0.0200506015759968
905	0.0108560825855395
908	0.00497798583012554
911	0.00257458728725719
914	0.00159178049068798
917	0.00114501668604341
920	0.00101116064646211
923	0.00102480568427219
926	0.00106590498240559
929	0.00114788786885541
932	0.00117341362364353
935	0.00110358134567658
938	0.00101792328362692
941	0.000899064910188215
944	0.000766259306567526
947	0.000608003556442825
950	0.000434101531094974
953	0.000314057235287464
956	0.000244951096975333
959	0.000229247419685611
962	0.000194811181400295
965	0.000184610396807857
968	0.000147575134338512
971	0.000143348047513843
974	0.000150596331505241
977	0.000174231838122363
980	0.000142484003837283
983	0.000118007379002772
986	0.000141952002964878
989	0.000131340631843914
992	0.000144129696918195
995	0.000126877992635064
998	0.000127350406538167
1001	2.43750422807316E-05
1004	7.05868463218997E-05
1007	6.70338422006954E-05
1010	2.51844940430974E-05
1013	3.10590815689497E-05
1016	3.87840806181833E-05
1019	4.10492288383731E-05
1022	2.20982494523465E-05
1025	3.66492682320949E-05
1028	4.5158413350047E-05
1031	2.82180826145337E-05
1034	1.00373025789147E-05
1037	1.73161106826283E-05
1040	3.88000831728107E-05
1043	3.12401776040228E-05
1046	1.24594750081759E-05
1049	2.40778661264143E-05
1052	2.2821102989357E-05
1055	1.55922054185117E-05
1058	2.7376365746659E-05
1061	1.5042776817117E-05
1064	1.41808006845322E-05
1067	1.74049025725334E-05
1070	2.88058318789992E-05
1073	2.19120671409066E-05
1076	1.60396154697107E-05
1079	2.22409629541883E-05
1082	1.10514379649302E-05
1085	1.30207471917805E-05
1088	2.14817735583929E-05
1091	1.92471064356407E-05
1094	1.83031454794734E-05
1097	1.7801778898673E-05
1100	8.75941364905186E-06
