350	0.204245130841821
353	0.208617954693036
356	0.214096802433559
359	0.220404005841643
362	0.232678748994814
365	0.244276441498717
368	0.252146914402066
371	0.267361562105393
374	0.28320958005365
377	0.29849963394341
380	0.312895433698707
383	0.330695423258073
386	0.34716161602113
389	0.363546001944876
392	0.37958270363639
395	0.391814878430583
398	0.407222954808961
401	0.415499983506393
404	0.427210220634117
407	0.434654557839102
410	0.448440054791609
413	0.452940369388947
416	0.459751540529509
419	0.46630691295675
422	0.470041744598688
425	0.473725240240708
428	0.478550233997535
431	0.482961136350068
434	0.482665523773137
437	0.483486583494689
440	0.487952425508024
443	0.486444668280282
446	0.48883917504252
449	0.492675168883125
452	0.495493489530723
455	0.498779890385781
458	0.504105868103536
461	0.505826683936087
464	0.508490608850272
467	0.513256938910921
470	0.515808399523591
473	0.519695363781352
476	0.525153913232805
479	0.526634232999316
482	0.530144532417023
485	0.535367844159747
488	0.538744212221502
491	0.541649785233572
494	0.544308879426388
497	0.548729697656104
500	0.549944472550337
503	0.552315622870827
506	0.556785039609243
509	0.558455813073704
512	0.560437124428568
515	0.562290604088893
518	0.564563668281047
521	0.565708299234557
524	0.566660747163878
527	0.568759253121308
530	0.567986529056134
533	0.56969845868596
536	0.573275285094503
539	0.573980016841513
542	0.572775419824043
545	0.575323249643658
548	0.575507454307333
551	0.577716964252172
554	0.577772346164979
557	0.578120586176619
560	0.579199744055394
563	0.580012486142189
566	0.579882586396994
569	0.579985973717949
572	0.580564295445141
575	0.582952464435414
578	0.583283242578891
581	0.583767561181732
584	0.585348222255803
587	0.585809314292355
590	0.588434056290906
593	0.587046022077887
596	0.588571925889381
599	0.590222893101878
602	0.589361500355289
605	0.590948695425134
608	0.591938156968855
611	0.59331972308757
614	0.594280758660445
617	0.595012490348222
620	0.595367121386572
623	0.595861057267761
626	0.596363049545921
629	0.596795557854042
632	0.596844080193856
635	0.598532356136197
638	0.599588346210839
641	0.599249805376006
644	0.600255720460495
647	0.59964155723774
650	0.601431932036127
653	0.600163161630219
656	0.602690670330543
659	0.60157904461593
662	0.602402668209427
665	0.602594921315579
668	0.602933310042768
671	0.602110970264717
674	0.603218826672941
677	0.603430623439967
680	0.604262650472732
683	0.60475938460621
686	0.60530975883417
689	0.605508038256972
692	0.604939817688572
695	0.605857688713029
698	0.606011689039811
701	0.604534836347339
704	0.604678244857327
707	0.604843422648864
710	0.605637284235342
713	0.606055103462033
716	0.606099093897619
719	0.606205096333188
722	0.607203096191686
725	0.608442256019446
728	0.607309108915511
731	0.608044486781466
734	0.608465177486761
737	0.609509228538211
740	0.610454591806087
743	0.610840400921952
746	0.611052421531466
749	0.611353578747208
752	0.611051808072824
755	0.612783042799843
758	0.612763234121772
761	0.612419667441583
764	0.612527637027292
767	0.612570279309801
770	0.612448008668898
773	0.612074623478644
776	0.612840044816561
779	0.613120002491066
782	0.614113792747413
785	0.613719774951089
788	0.614270788032399
791	0.615315797085712
794	0.614874772671622
797	0.614822802449837
800	0.614770832228052
803	0.614766689256885
806	0.614164911630903
809	0.61364346531413
812	0.613618838480106
815	0.613618384999063
818	0.613374355033624
821	0.613107621539991
824	0.612269044306182
827	0.611288895048151
830	0.610339188901514
833	0.609067374546055
836	0.608008513936649
839	0.606787716015924
842	0.605696866763585
845	0.604424056202371
848	0.603208116663546
851	0.601622819853527
854	0.59900976152603
857	0.593805928497599
860	0.582239208282641
863	0.558173079943445
866	0.517268708344643
869	0.459571298114865
872	0.392835254228979
875	0.319410577436699
878	0.243297490684319
881	0.176141851566721
884	0.11546626075084
887	0.0680870038027581
890	0.0374871486619682
893	0.0215589058403794
896	0.0122823975591403
899	0.00710282254051112
902	0.00440144659609396
905	0.00286011882841781
908	0.00203076270009849
911	0.00152562199366938
914	0.00114527492301629
917	0.00090622274651704
920	0.000737713848643248
923	0.000596271075280548
926	0.000499201348967475
929	0.000433488590813062
932	0.000400039143834715
935	0.000348672113824846
938	0.00030524604684706
941	0.000274689586381396
944	0.000235788366537714
947	0.000232277336101984
950	0.000201654222040855
953	0.000195068262126434
956	0.000191543250341417
959	0.000178545819582983
962	0.00018385755757813
965	0.000164035324281543
968	0.000169090332619977
971	0.000142635038609496
974	0.000154472885752589
977	0.000132285797569076
980	0.000134053735561178
983	0.000128585787414231
986	0.000108853913934062
989	0.000112979958576591
992	0.000111475448503004
995	0.000105506611428995
998	0.000111415371171839
1001	3.62953550851224E-05
