350	0.209202994440475
353	0.21499032363037
356	0.225160193027048
359	0.226760726494272
362	0.241399779984825
365	0.253653906040312
368	0.260968142351352
371	0.273151240608235
374	0.293078120931243
377	0.309730311917172
380	0.325237145430466
383	0.340306696344334
386	0.357050384309321
389	0.377774348557549
392	0.393750107518301
395	0.408172823765029
398	0.425842032027054
401	0.434688198955725
404	0.447062588135508
407	0.453862870747718
410	0.468420632636516
413	0.4754343889506
416	0.480842628628495
419	0.488627389435435
422	0.494792061440341
425	0.500390255280719
428	0.503429295458467
431	0.510736288891282
434	0.509807936330336
437	0.51246589599049
440	0.514869511932356
443	0.513737791806697
446	0.516952428654377
449	0.519850196278979
452	0.522924168933962
455	0.526225669128867
458	0.531220911896916
461	0.5321505544923
464	0.535454490888123
467	0.540668448328408
470	0.542977402311765
473	0.547654129696159
476	0.552670567025914
479	0.554932284087174
482	0.558802854094825
485	0.564640887557936
488	0.567973392452385
491	0.571108521816115
494	0.574076553970759
497	0.578316869877745
500	0.580054692408845
503	0.582815785856818
506	0.587952788870119
509	0.589327569641925
512	0.59177606832245
515	0.592654383329573
518	0.596207593924138
521	0.597335467530688
524	0.597993504515963
527	0.599074050650813
530	0.599002099212645
533	0.601075541297611
536	0.603936841551861
539	0.604370937220213
542	0.602906464871158
545	0.605786565602241
548	0.605819263665189
551	0.608176148216836
554	0.6081412337385
557	0.608429660594162
560	0.61002880677696
563	0.610874041808168
566	0.610872787859988
569	0.611014767893817
572	0.610979193007368
575	0.613324406257403
578	0.614493528961417
581	0.61447018882125
584	0.616295012401291
587	0.616813280232514
590	0.619207984620162
593	0.617724182392283
596	0.619606916527397
599	0.620991923313384
602	0.620354098512662
605	0.621606648371622
608	0.622845943197042
611	0.624434148956707
614	0.625375550715678
617	0.626380043021443
620	0.626755488276826
623	0.627298212710861
626	0.627595946683877
629	0.628308976451503
632	0.628164919346424
635	0.630127848556576
638	0.630955025688258
641	0.631083543017287
644	0.632237187563557
647	0.631724202402929
650	0.633283618547401
653	0.632212523785972
656	0.634506667735809
659	0.633980309745225
662	0.634388084305452
665	0.634751870213675
668	0.635102748585755
671	0.634080813056095
674	0.635225798556992
677	0.635532343633355
680	0.635914596771332
683	0.636755484448137
686	0.637319666292145
689	0.6377062783733
692	0.637001867520618
695	0.638042072889624
698	0.638161060662352
701	0.637190134984799
704	0.637316406799118
707	0.636938474594144
710	0.637648710532934
713	0.638231932588763
716	0.638021439183838
719	0.63827996549264
722	0.639390216346635
725	0.640744447799611
728	0.639541125067348
731	0.640393006006662
734	0.640513746954642
737	0.64193478039938
740	0.642669609749388
743	0.643329376636667
746	0.6431447051753
749	0.643692721277176
752	0.643224854178576
755	0.645170473346657
758	0.644959860908383
761	0.644649930966059
764	0.644703112179757
767	0.644435744269961
770	0.644562587963279
773	0.644801579188673
776	0.64526303037902
779	0.645080468129811
782	0.645878645566571
785	0.644989360246072
788	0.645598243568478
791	0.647189093544885
794	0.646873808277797
797	0.646715473837026
800	0.646557139396255
803	0.646819691529398
806	0.646122283839671
809	0.64578932779325
812	0.645537929274527
815	0.645704701013075
818	0.645254206914637
821	0.645104065377393
824	0.644319455778373
827	0.64310122157412
830	0.642271408414163
833	0.641189780310501
836	0.640044019706288
839	0.639152906477876
842	0.637735519979748
845	0.636559006376398
848	0.634619531272414
851	0.632635410990231
854	0.629819747966569
857	0.624605982506797
860	0.612982922201502
863	0.58872823506402
866	0.546638088887689
869	0.486553316100908
872	0.415886934496818
875	0.33742829626375
878	0.256801645969685
881	0.185627334572963
884	0.121315940663732
887	0.0707032692439442
890	0.0382720883359181
893	0.0216680419012117
896	0.0128592751706782
899	0.00774369999420318
902	0.00486665161525196
905	0.00303475471803056
908	0.00209669699856947
911	0.00159628453197498
914	0.00113079754559753
917	0.000945747907068891
920	0.000867418493781772
923	0.000647234138660739
926	0.000515044131312694
929	0.000431379818006928
932	0.00038618690506435
935	0.000371768256591192
938	0.000379932266473788
941	0.00026184341489078
944	0.000296161856544576
947	0.000223127729490619
950	0.000228627383877589
953	0.0002227167120864
956	0.000256331867811397
959	0.000173422898732898
962	0.00016359505254454
965	0.000121557512112257
968	0.00013823525189984
971	0.000139322729854993
974	0.000145482554427332
977	0.000136944495036993
980	0.000155181586405644
983	0.000143304653574982
986	0.000133891214322027
989	0.000108225191364674
992	0.000103739436657299
995	0.000121381066932502
998	0.000100944983955789
1001	6.78564145293549E-05
