350	0.228482928688235
353	0.231604227752966
356	0.238583562430029
359	0.243718416426166
362	0.256524444607426
365	0.271363092593188
368	0.279677713683968
371	0.29417446590415
374	0.308930349798656
377	0.328609584058335
380	0.343355734876953
383	0.364837283781848
386	0.380225848761033
389	0.399519588170686
392	0.418804037388564
395	0.430773611943352
398	0.447688545541694
401	0.455117624570345
404	0.468836552407953
407	0.477310151733074
410	0.492600543787165
413	0.497677532705015
416	0.505529321673495
419	0.512692747670227
422	0.517315121382941
425	0.521161019637959
428	0.526995020009609
431	0.530514923766311
434	0.529939208156622
437	0.531824672466258
440	0.535898918618993
443	0.534272450676273
446	0.537335643017554
449	0.540510343382808
452	0.543356769943218
455	0.546630139619489
458	0.552007126481882
461	0.553061279085054
464	0.556016431740619
467	0.560802408679883
470	0.563845422706916
473	0.567871462738555
476	0.573919822636255
479	0.575513327084668
482	0.579514604254359
485	0.584755996799096
488	0.588379961179599
491	0.591778187312404
494	0.594410493035839
497	0.599500041783122
500	0.600542782475829
503	0.602331565911654
506	0.607549240183026
509	0.609245743434776
512	0.611334274936106
515	0.612413080075242
518	0.615007815312947
521	0.616620544858305
524	0.616949767955573
527	0.619300739923129
530	0.618311819964259
533	0.620176739373211
536	0.622132225263157
539	0.622970929582174
542	0.621062052390893
545	0.623397951782767
548	0.623828396523583
551	0.626082327319193
554	0.626162080789274
557	0.626400975744953
560	0.627803847230615
563	0.62850295694723
566	0.628771276470717
569	0.628751214415895
572	0.628885430945044
575	0.631870390156382
578	0.632210636718841
581	0.632072994644605
584	0.633680849561678
587	0.634506551107469
590	0.636674784588743
593	0.635552124441283
596	0.637029639906176
599	0.638389282291389
602	0.638018015535888
605	0.639432284067258
608	0.640192206487906
611	0.641970119796938
614	0.642440600381282
617	0.643220809623793
620	0.6439156461732
623	0.644125087050761
626	0.644794545894244
629	0.644962684238775
632	0.645267685484446
635	0.646874362398898
638	0.647749626790989
641	0.648397643370021
644	0.649098234953437
647	0.648741044094944
650	0.650529128073906
653	0.649425896508911
656	0.652001003082097
659	0.65079151228935
662	0.651511164049941
665	0.651831057822537
668	0.652041966236401
671	0.651235308459183
674	0.652172291065444
677	0.652405613516413
680	0.65328376881464
683	0.653975280399729
686	0.654386683544985
689	0.654597344167043
692	0.653897943736366
695	0.654767839760196
698	0.655035819799491
701	0.654704948015082
704	0.654646297081764
707	0.654563373498881
710	0.655368693441421
713	0.655859787001668
716	0.655658610241204
719	0.655667365539383
722	0.656675530308636
725	0.657851022681315
728	0.656785068153994
731	0.657683773829894
734	0.657414512899159
737	0.658742831386519
740	0.659570544014081
743	0.659572226779754
746	0.659861395098025
749	0.660340190433569
752	0.65975295821188
755	0.661467381791302
758	0.661017678081051
761	0.660703654573048
764	0.660770061207999
767	0.660514360094752
770	0.660474491438252
773	0.660066387513578
776	0.660777347203106
779	0.661303352745644
782	0.662122606816963
785	0.661141300534625
788	0.661918121977418
791	0.662690008319587
794	0.662033237870788
797	0.661933137318088
800	0.661833036765389
803	0.661659967414494
806	0.661168718025414
809	0.660436707466213
812	0.660201796251807
815	0.660268744771576
818	0.659924540145373
821	0.659650358330238
824	0.65877413572069
827	0.657720604264136
830	0.656881655735225
833	0.655523523258118
836	0.654203789555862
839	0.652837111726753
842	0.651576566192585
845	0.650311858403879
848	0.649144173708957
851	0.647618866062239
854	0.645045697516608
857	0.639414232806271
860	0.625985838439521
863	0.59778708279042
866	0.550946628241334
869	0.48669658072295
872	0.413974361632057
875	0.334302764674357
878	0.252773963247709
881	0.180837493250089
884	0.117408113241811
887	0.0685984554431236
890	0.0380880137533307
893	0.022069900151772
896	0.012620956356165
899	0.0072864370520044
902	0.00448999778265602
905	0.0029753698705922
908	0.00214974700209365
911	0.00159207124905875
914	0.00122067877404398
917	0.000945516950969573
920	0.00079153137549551
923	0.000644126925436606
926	0.000533675354614063
929	0.000479141385650424
932	0.000409119356286407
935	0.000386039644522221
938	0.000357085864774782
941	0.000303521349963798
944	0.000257464370438849
947	0.00028184361114191
950	0.000197986834919351
953	0.000193940330651878
956	0.000235132463704917
959	0.000192806316035957
962	0.000185106678895856
965	0.000178428298654869
968	0.000154706577391911
971	0.000179169015365686
974	0.000161077937561226
977	0.0001254671986973
980	0.000147573021526411
983	0.000130133304196908
986	0.000134768374188893
989	0.000134360270594919
992	8.6282862608336E-05
995	0.000118172699077026
998	8.61831644421475E-05
1001	5.0161376840602E-05
