350	0.203446939236874
353	0.20500410873642
356	0.210674635174997
359	0.217006400703231
362	0.225649688860938
365	0.240620932893146
368	0.248246880111374
371	0.262056449703325
374	0.276889120268336
377	0.292625043227957
380	0.309144459607872
383	0.326678592212382
386	0.340535086542108
389	0.357093284910345
392	0.374124006059055
395	0.386439002810385
398	0.402368379708477
401	0.408699140950971
404	0.422482679330705
407	0.429062561206503
410	0.443749549465285
413	0.447845117078563
416	0.455834241198764
419	0.462361824460732
422	0.468025745129083
425	0.471942588814699
428	0.476581605296277
431	0.481796133280763
434	0.482665523773137
437	0.484231244210347
440	0.488942941040366
443	0.488644025601965
446	0.491700826728425
449	0.495523657562702
452	0.499617322452698
455	0.503414297091224
458	0.509357027306981
461	0.511570893261385
464	0.514974284042424
467	0.520109816265293
470	0.523665583094857
473	0.528513290329553
476	0.534557932370912
479	0.53650443045799
482	0.541044221729243
485	0.546967894091985
488	0.55095760351949
491	0.554817337005643
494	0.557984226755986
497	0.562939519655834
500	0.564701420243968
503	0.567105608652295
506	0.572144522581032
509	0.574330891205526
512	0.577650696879255
515	0.579202550213386
518	0.582762163386302
521	0.584192305842994
524	0.585617010603488
527	0.587859433391944
530	0.587345557472386
533	0.589634799984338
536	0.592828391661957
539	0.593961273585919
542	0.593393743070701
545	0.596171824816047
548	0.596931435813732
551	0.599730695600915
554	0.600015193039852
557	0.600651059633961
560	0.602266505716072
563	0.60351831489275
566	0.603962372598242
569	0.6042838135152
572	0.60503852285812
575	0.608428176014391
578	0.609161796790522
581	0.609319060912758
584	0.611707176925376
587	0.612469148070215
590	0.61524765829698
593	0.614158922653581
596	0.616145534727026
599	0.617551524846274
602	0.617097851096345
605	0.619207427544986
608	0.620154131012751
611	0.621945279600544
614	0.623237700190645
617	0.624102866918048
620	0.625083872351015
623	0.625560149224701
626	0.626491492001336
629	0.62720811467011
632	0.627507356461211
635	0.62921580741343
638	0.630627262797117
641	0.630865832192892
644	0.632164946572169
647	0.631615853484368
650	0.633572496943954
653	0.632717000290992
656	0.63519203778786
659	0.634231920322826
662	0.635320838572474
665	0.635895328305683
668	0.63631247947886
671	0.635391984679261
674	0.636258401946832
677	0.636640385259833
680	0.63749354399378
683	0.63830104406726
686	0.638795908161418
689	0.639002395571443
692	0.638551404826936
695	0.639381349002184
698	0.639870273553937
701	0.639132286545947
704	0.639374369128209
707	0.639296167983489
710	0.640091659632939
713	0.640503816859976
716	0.640636012153509
719	0.640314999642058
722	0.641737006690206
725	0.642657765961508
728	0.641536429073024
731	0.642516280167911
734	0.642268309524057
737	0.643742383924774
740	0.644530419683582
743	0.644773840623984
746	0.644798393910995
749	0.645119765937262
752	0.644901606223689
755	0.64601716485821
758	0.645936032963742
761	0.645387687684356
764	0.645446302770421
767	0.645393158316683
770	0.645356081168273
773	0.644885088511627
776	0.64555050787246
779	0.646132524869711
782	0.64683604338576
785	0.645860127301406
788	0.646034293045026
791	0.646950129464162
794	0.646312067612788
797	0.646149341786055
800	0.645986615959321
803	0.645789261251198
806	0.64518076991612
809	0.644636414319991
812	0.644527455250904
815	0.644550005857398
818	0.644291244236791
821	0.643938922135389
824	0.642961645785758
827	0.641664058726809
830	0.640600634072309
833	0.639241186367425
836	0.637930172302773
839	0.63673272410687
842	0.635642241882574
845	0.634407712477048
848	0.633099942920037
851	0.631316480720988
854	0.628345431545647
857	0.622394106175406
860	0.608839286645549
863	0.581042558021259
866	0.535212374010114
869	0.472558172286129
872	0.402292355786881
875	0.324548718673855
878	0.244794821819481
881	0.174992625945735
884	0.113249667493366
887	0.0661735180730084
890	0.0364134157859703
893	0.0207505428617515
896	0.0117917086406392
899	0.00699318581423336
902	0.00436059434311172
905	0.00287167699503636
908	0.00207276802689864
911	0.00156727631182049
914	0.00119723723354451
917	0.000909678918492714
920	0.000744438555524256
923	0.000608591002501748
926	0.000490930886961298
929	0.000444900286383113
932	0.000419099222248654
935	0.00034686654779047
938	0.000286343250956615
941	0.000263580180947237
944	0.000241460074468272
947	0.000229806760018169
950	0.000247482524126877
953	0.000231682383107795
956	0.000175897672025721
959	0.000207066312467805
962	0.000203872369934919
965	0.000164437033119252
968	0.000170702705629772
971	0.000169778697094014
974	0.000143684857258629
977	0.000143243255509243
980	0.000137014069613885
983	0.000129965230685534
986	0.00014105753613577
989	0.000124337571032515
992	0.000113519228299494
995	9.59335494347993E-05
998	0.000103137681273853
1001	6.22995573181424E-05
