350	0.22546702104972
353	0.229162727467293
356	0.234128904442314
359	0.240923849429204
362	0.254129305687693
365	0.267284446347658
368	0.275522973738582
371	0.290102190121276
374	0.306138243887476
377	0.324426143149617
380	0.338741910873612
383	0.359386042129067
386	0.376079920655428
389	0.393647675211153
392	0.411107325253132
395	0.423981883810212
398	0.441068460049565
401	0.446688154625727
404	0.459476516523139
407	0.468734453400705
410	0.48236466885442
413	0.487186683807976
416	0.49494356582591
419	0.501647136699534
422	0.50605510039328
425	0.509783678198092
428	0.514883135174877
431	0.519366821833277
434	0.517776512408372
437	0.519338393756611
440	0.523347770754636
443	0.522117760662739
446	0.524985689273749
449	0.52834504951246
452	0.531309814107534
455	0.534378861248162
458	0.539955995907046
461	0.541656059603927
464	0.544084934789382
467	0.549638225355631
470	0.551910401282974
473	0.556293141792657
476	0.562179773266389
479	0.56352102304384
482	0.567501128324281
485	0.573155946866857
488	0.57670119380258
491	0.57980511692426
494	0.582288023974437
497	0.587303410480968
500	0.588284208165722
503	0.590732006057114
506	0.595587147773366
509	0.597294593452857
512	0.599495971190497
515	0.601193464654197
518	0.604077027567713
521	0.605081765366228
524	0.605722105307073
527	0.60783053720916
530	0.607356076521408
533	0.608785427005305
536	0.612783122769936
539	0.613350707688559
542	0.612032358938192
545	0.614686589361555
548	0.614940568672126
551	0.617406526580124
554	0.617492463563104
557	0.617862983826843
560	0.618982461956821
563	0.619927665479938
566	0.619885942479744
569	0.620073414488305
572	0.621103161823226
575	0.623531049362171
578	0.623926196604296
581	0.624447522105036
584	0.626074967790348
587	0.626496900733582
590	0.629268276655896
593	0.628068283533218
596	0.62967950494271
599	0.631274207516218
602	0.630547044718141
605	0.632233822911975
608	0.633185075449305
611	0.634842795158316
614	0.635952326289672
617	0.636835632888205
620	0.637266571828967
623	0.637801048824012
626	0.638350091438913
629	0.639093729291015
632	0.639274513267233
635	0.641109833898507
638	0.642322056677542
641	0.642081745782567
644	0.643369144120651
647	0.642743211652093
650	0.644780372161399
653	0.643448454087902
656	0.646446177152503
659	0.645151367395648
662	0.646198454717918
665	0.646435973771126
668	0.646774674044214
671	0.645918522393137
674	0.647223559852243
677	0.647186272647979
680	0.648295559953639
683	0.648978222275072
686	0.649597770023283
689	0.65002392363397
692	0.64943065261386
695	0.650567796985434
698	0.650671644803663
701	0.649130407359375
704	0.649122053831931
707	0.649377969134831
710	0.650082136296684
713	0.650545914250934
716	0.650688141781142
719	0.650858695444799
722	0.65183273625411
725	0.65312358483804
728	0.652003286967459
731	0.65279229092134
734	0.652950899321973
737	0.654204060731723
740	0.655113217290978
743	0.655590124529006
746	0.655928832558477
749	0.656178738707855
752	0.655881276629929
755	0.657592562795874
758	0.657440369832762
761	0.656895490092341
764	0.656928510777234
767	0.657014906927626
770	0.656840712953132
773	0.656623367719301
776	0.65732933870395
779	0.657784053264106
782	0.658890552290996
785	0.658172889676784
788	0.658908134733588
791	0.659981191712236
794	0.659386833869615
797	0.659221305379776
800	0.659055776889938
803	0.658890327545904
806	0.658235447716094
809	0.657756624312504
812	0.657598895207364
815	0.657509517311869
818	0.657244363323112
821	0.656938955881276
824	0.655874994043968
827	0.654699161017382
830	0.653538396767941
833	0.652176096795415
836	0.650857462419935
839	0.649447923500174
842	0.648149093803643
845	0.646896689697586
848	0.645423437988719
851	0.643834283934023
854	0.641204974482991
857	0.635772525692726
860	0.623226356350978
863	0.596814813197782
866	0.55202749221519
869	0.489408798926718
872	0.417595976576234
875	0.339021590161186
878	0.257850482088945
881	0.186037101588781
884	0.121782620482918
887	0.071391192889748
890	0.0393996721050006
893	0.0225154790453965
896	0.0128122044418716
899	0.00725076110302719
902	0.00452570150350831
905	0.00302986713154567
908	0.00213008241300965
911	0.00158678352678368
914	0.00121984039843577
917	0.000947018414235317
920	0.000779191434377047
923	0.000654814281315553
926	0.000536000361632925
929	0.000477380707550151
932	0.000422162749550771
935	0.000367621791894062
938	0.000334146256515721
941	0.00030242702673208
944	0.000262577872883813
947	0.000246684072936245
950	0.000239548073399323
953	0.000216748806689039
956	0.000211009683807434
959	0.000190418995714696
962	0.000204324541224186
965	0.000177751649993582
968	0.000173697236789629
971	0.000148997815279307
974	0.000150715437168833
977	0.000137585265370938
980	0.000141932055522058
983	0.000135846276915225
986	0.000131629230652963
989	0.000136209977405529
992	0.000100882280415292
995	0.000105519884154167
998	0.000103422369230218
1001	3.36022946735285E-05
