350	0.221998494556505
353	0.225516966474264
356	0.233273610108673
359	0.236705340235434
362	0.249104929660595
365	0.260916516973114
368	0.272063806116261
371	0.286888246364467
374	0.30403799969842
377	0.321399312401096
380	0.335440298443994
383	0.353683898956506
386	0.370676873260376
389	0.389872719368622
392	0.40797924973285
395	0.422045269105867
398	0.437758185912886
401	0.446792275716139
404	0.456323444832139
407	0.465981470443118
410	0.481202353385867
413	0.484872266149653
416	0.493067015248308
419	0.501379673072686
422	0.506233160226673
425	0.509918814677161
428	0.515147454552948
431	0.520563525666373
434	0.518615838933148
437	0.51973954969053
440	0.524008114442864
443	0.522642881941342
446	0.524935152378634
449	0.528490814391585
452	0.531727638838083
455	0.534733916600595
458	0.539784507380293
461	0.542110188403935
464	0.544840557342004
467	0.550138788970112
470	0.551798466732691
473	0.556293141792657
476	0.561832071455783
479	0.563756969647848
482	0.567992626250826
485	0.573316328642381
488	0.577141007570076
491	0.580263643649058
494	0.58255602070782
497	0.587887174592059
500	0.589418533956336
503	0.591469446176569
506	0.59636873669675
509	0.598056282699237
512	0.600468604595186
515	0.601919198776372
518	0.60500655140764
521	0.606149486198925
524	0.606870936571049
527	0.609110612261594
530	0.608156539247339
533	0.609963483536573
536	0.614190389860753
539	0.614534352972093
542	0.613529037969603
545	0.615781623689052
548	0.616344374594359
551	0.618790551017525
554	0.61871765268906
557	0.619292701371053
560	0.620526227503844
563	0.621669378926775
566	0.621645726488695
569	0.622148096680712
572	0.62290264705083
575	0.625439247855671
578	0.626100518096154
581	0.626354528176839
584	0.6280059772769
587	0.628529399659844
590	0.631327347326024
593	0.63018410372846
596	0.631507251553133
599	0.633129785294544
602	0.632769294990417
605	0.634252874260089
608	0.635116762446118
611	0.636766192131366
614	0.637714991126537
617	0.638814458202263
620	0.639569912133079
623	0.640130876004923
626	0.640596845754656
629	0.641220831195662
632	0.641320775392548
635	0.643262924315298
638	0.644471233863511
641	0.644405009545
644	0.645943965140005
647	0.645127645545177
650	0.647672947182002
653	0.6460048208087
656	0.648790505840479
659	0.647450515547856
662	0.648495333869399
665	0.64883004231894
668	0.649301601128763
671	0.648612221918281
674	0.649786775642062
677	0.649867163619757
680	0.651022969264482
683	0.651494845693917
686	0.65211833030954
689	0.652400893810284
692	0.651916258531845
695	0.653174981889362
698	0.653363216554847
701	0.651755894576601
704	0.651722143102754
707	0.651952418206745
710	0.652707064077691
713	0.653110622577402
716	0.653264878343396
719	0.653373975929898
722	0.654439673463329
725	0.655749676953343
728	0.654788974554331
731	0.655408610018908
734	0.655887971457095
737	0.657089289562753
740	0.657710547015638
743	0.658322650790726
746	0.658406478923578
749	0.658913145773483
752	0.65851569434634
755	0.660295039698383
758	0.659960513584416
761	0.659721124089077
764	0.65990300551889
767	0.660013814247332
770	0.659806240538241
773	0.659485301808026
776	0.659997542984376
779	0.660372621903974
782	0.661564403717838
785	0.660903894073399
788	0.661561807262295
791	0.662969078260011
794	0.66239399647152
797	0.662338002368033
800	0.662282008264547
803	0.662381667439577
806	0.661673375928734
809	0.661265292977826
812	0.660881006578469
815	0.660691209689686
818	0.66043441228215
821	0.660081006875389
824	0.659072989107843
827	0.657787590387271
830	0.656836451293145
833	0.655568594774221
836	0.654090194230708
839	0.652524361317885
842	0.651122013178927
845	0.649769111472842
848	0.648380086330742
851	0.647141536007147
854	0.644621164406279
857	0.639891214859187
860	0.628264894625082
863	0.602888349470408
866	0.558753829318489
869	0.496463695813035
872	0.423845956990101
875	0.344900673557422
878	0.263363904210192
881	0.190700021307702
884	0.124997797062904
887	0.0736083790419327
890	0.040959320045903
893	0.0239166411969612
896	0.0138226493909346
899	0.00778880161857296
902	0.0048126534207966
905	0.00311818434488735
908	0.00221240281727215
911	0.00164255510018133
914	0.00127436608129736
917	0.000993367769031066
920	0.000798686343768561
923	0.00067593213964217
926	0.000579307019610719
929	0.000511345098076552
932	0.000430785999893702
935	0.000362679757588117
938	0.000326831104346351
941	0.000309928300800155
944	0.000250461803856744
947	0.000199552703915681
950	0.000231452676325314
953	0.000210853409724978
956	0.000194322538673077
959	0.000182535336114757
962	0.000215209533478745
965	0.000169428704455511
968	0.000186421565740098
971	0.000140844265178191
974	0.000165044000749128
977	0.00013695406613107
980	0.000127612877122714
983	0.000139620980253139
986	0.000123525114479641
989	0.000121298146662117
992	0.000116796049441956
995	5.97165824110108E-05
998	0.000107211708663934
1001	3.42722287214679E-05
