350	0.208059230085282
353	0.210393494552203
356	0.216723070798316
359	0.223143416911033
362	0.233173150391083
365	0.246813598156464
368	0.255814052696568
371	0.268814521739878
374	0.284720825872343
377	0.300868980926689
380	0.315409089826022
383	0.333457145022562
386	0.350219751108928
389	0.367127175999104
392	0.383109505888288
395	0.396034312871547
398	0.411939621102969
401	0.419637495336646
404	0.430363292325116
407	0.438760569352548
410	0.451882008340422
413	0.457155789642961
416	0.464265314865279
419	0.471204044600718
422	0.475510294058153
425	0.479996147918329
428	0.485246324908667
431	0.488976356279338
434	0.488236742052862
437	0.488814510808655
440	0.492685658238328
443	0.491577234417596
446	0.49416028895737
449	0.497550194284988
452	0.500544310343264
455	0.503369447994075
458	0.508797433167047
461	0.510083708107159
464	0.512268721613386
467	0.517414846353783
470	0.519589299888712
473	0.523243583159656
476	0.528671837434228
479	0.530306240327557
482	0.534313315950862
485	0.539320783215312
488	0.543076509512109
491	0.545630105458079
494	0.548398960413427
497	0.552522328641994
500	0.553946154930236
503	0.556427527201822
506	0.56075349433636
509	0.562527164948712
512	0.565126392754506
515	0.566643838283037
518	0.569100111386387
521	0.570035201496757
524	0.570786245134703
527	0.572190326772758
530	0.571788464729493
533	0.573234687819154
536	0.576994265091807
539	0.57748335856358
542	0.576251806234621
545	0.578750098181761
548	0.579062585447916
551	0.581224449959265
554	0.58126799066421
557	0.581741287262348
560	0.58268408486764
563	0.583756074635628
566	0.583702802936117
569	0.583668379252439
572	0.584538780126295
575	0.587184784304262
578	0.587876152692229
581	0.588025577415204
584	0.589693837573222
587	0.590192725833574
590	0.592790581367477
593	0.591590721689493
596	0.593083793024079
599	0.594706598078689
602	0.594112102618472
605	0.595709599335779
608	0.59659660443444
611	0.598297461799896
614	0.599194354035677
617	0.600128305851484
620	0.600716136560172
623	0.601297837739861
626	0.601850567391693
629	0.602667589983581
632	0.602803531237469
635	0.604625127631898
638	0.605744787648643
641	0.605747636134895
644	0.607145229744413
647	0.606722878866199
650	0.608626596353427
653	0.607437289918174
656	0.610157875389923
659	0.608978956902672
662	0.610013009521233
665	0.610527193505611
668	0.610904399289686
671	0.610120712561336
674	0.611229529326295
677	0.611510031158886
680	0.612517127658528
683	0.613063940315789
686	0.61384326746059
689	0.614007576037099
692	0.613477760691352
695	0.614474153906588
698	0.614740039031468
701	0.613166285848612
704	0.613306846293059
707	0.61336610397822
710	0.614096234436705
713	0.614630774875496
716	0.614714984386568
719	0.614788238839864
722	0.615809816969023
725	0.616772899940637
728	0.615893574744441
731	0.616576549881105
734	0.616781948079133
737	0.617932612570206
740	0.61878880912603
743	0.619040436278519
746	0.619310967820998
749	0.61955763107086
752	0.61951425761054
755	0.621091784775851
758	0.620893170121695
761	0.620446529245078
764	0.620499178992191
767	0.620567656680004
770	0.6206334253288
773	0.620370752780822
776	0.620925564497308
779	0.621170781849868
782	0.622014835414334
785	0.621319271987871
788	0.622113034046813
791	0.623324435944893
794	0.622774461005597
797	0.622553433214828
800	0.622332405424058
803	0.622275541122339
806	0.62173090782788
809	0.621138273549674
812	0.62093395797948
815	0.620811472947802
818	0.620441114393406
821	0.619936675776421
824	0.618969428099432
827	0.617907721255622
830	0.616881406434534
833	0.615679533915823
836	0.614432925897981
839	0.612884167802201
842	0.611326904077908
845	0.609887347300809
848	0.608276280059735
851	0.606800305387665
854	0.604554566327749
857	0.600167347934459
860	0.589635965184545
863	0.566439149542516
866	0.525569538163283
869	0.467155075018435
872	0.398701874776636
875	0.324570574345822
878	0.247660823752015
881	0.179350894052475
884	0.117709501298293
887	0.0692988594915805
890	0.0384155347567301
893	0.0224536172279754
896	0.0132309168726101
899	0.00776090429639408
902	0.00468267704797243
905	0.00298335961196995
908	0.00210252794142919
911	0.00158615419161314
914	0.00120975387355714
917	0.0009467516259159
920	0.000773279774892536
923	0.000601105151492323
926	0.000538293408537131
929	0.000439060396782514
932	0.000400671968424812
935	0.000350417533066283
938	0.000301306114618667
941	0.000290013386333576
944	0.000264725691758542
947	0.000238446860631286
950	0.000219626773219929
953	0.000199294881104595
956	0.000188294836923088
959	0.000193627823641951
962	0.00017734258563774
965	0.000174922034209634
968	0.000154156999845411
971	0.00014726326207156
974	0.000137120157873576
977	0.000135986216190812
980	0.000141344852056664
983	0.000127883872301711
986	0.000122843691334171
989	0.000114501771405787
992	9.7934354600146E-05
995	0.000105459399787028
998	0.000105775232398083
1001	4.5671635057741E-05
