350.0,1.0122E+00,5.2798E-01,3.2913E-01
360.0,1.0890E+00,5.9817E-01,3.9240E-01
370.0,1.2934E+00,7.5507E-01,5.1666E-01
380.0,1.1520E+00,7.0077E-01,4.9751E-01
390.0,1.2519E+00,7.9699E-01,5.8457E-01
400.0,1.6885E+00,1.1141E+00,8.3989E-01
410.0,1.5370E+00,1.0485E+00,8.0910E-01
420.0,1.5990E+00,1.1232E+00,8.8467E-01
430.0,1.2120E+00,8.7462E-01,7.0134E-01
440.0,1.8300E+00,1.3499E+00,1.0993E+00
450.0,2.0690E+00,1.5595E+00,1.2881E+00
460.0,1.9973E+00,1.5291E+00,1.2791E+00
470.0,1.9390E+00,1.5077E+00,1.2749E+00
480.0,2.0680E+00,1.6181E+00,1.3825E+00
490.0,2.0320E+00,1.6224E+00,1.3968E+00
500.0,1.9160E+00,1.5451E+00,1.3391E+00
510.0,1.9100E+00,1.5481E+00,1.3497E+00
520.0,1.8600E+00,1.5236E+00,1.3349E+00
530.0,1.8920E+00,1.5446E+00,1.3598E+00
540.0,1.8000E+00,1.4825E+00,1.3096E+00
550.0,1.8630E+00,1.5399E+00,1.3648E+00
560.0,1.7860E+00,1.4740E+00,1.3118E+00
570.0,1.8280E+00,1.4816E+00,1.3240E+00
580.0,1.8340E+00,1.5020E+00,1.3455E+00
590.0,1.7218E+00,1.3709E+00,1.2316E+00
600.0,1.7700E+00,1.4753E+00,1.3278E+00
610.0,1.7240E+00,1.4686E+00,1.3237E+00
620.0,1.7110E+00,1.4739E+00,1.3299E+00
630.0,1.6650E+00,1.3924E+00,1.2589E+00
640.0,1.6130E+00,1.4340E+00,1.2962E+00
650.0,1.5260E+00,1.3594E+00,1.2299E+00
660.0,1.5580E+00,1.3992E+00,1.2668E+00
670.0,1.5340E+00,1.4196E+00,1.2853E+00
680.0,1.4940E+00,1.3969E+00,1.2650E+00
690.0,1.4790E+00,1.1821E+00,1.0746E+00
700.0,1.4220E+00,1.2823E+00,1.1636E+00
710.0,1.4040E+00,1.3175E+00,1.1954E+00
720.0,1.3487E+00,9.8550E-01,8.9940E-01
730.0,1.3357E+00,1.1285E+00,1.0294E+00
740.0,1.2830E+00,1.2195E+00,1.1119E+00
750.0,1.2740E+00,1.2341E+00,1.1273E+00
760.0,1.2590E+00,2.6604E-01,2.4716E-01
770.0,1.2146E+00,1.1608E+00,1.0646E+00
780.0,1.1930E+00,1.1636E+00,1.0687E+00
790.0,1.1704E+00,1.0910E+00,1.0045E+00
800.0,1.1248E+00,1.0725E+00,9.8859E-01
810.0,1.1100E+00,1.0559E+00,9.7488E-01
820.0,1.0740E+00,8.6188E-01,7.9899E-01
830.0,1.0563E+00,9.1601E-01,8.4930E-01
840.0,1.0500E+00,1.0157E+00,9.4124E-01
850.0,9.1000E-01,8.9372E-01,8.2900E-01
860.0,1.0000E+00,9.8816E-01,9.1764E-01
870.0,9.7700E-01,9.6755E-01,8.9933E-01
880.0,9.4856E-01,9.3957E-01,8.7434E-01
890.0,9.4236E-01,9.2393E-01,8.6078E-01
900.0,9.1378E-01,7.4260E-01,6.9429E-01
910.0,8.9496E-01,6.2467E-01,5.8553E-01
920.0,8.8540E-01,7.4414E-01,6.9657E-01
930.0,8.6866E-01,4.3210E-01,4.0679E-01
940.0,8.4000E-01,4.7181E-01,4.4411E-01
950.0,8.2867E-01,1.4726E-01,1.3944E-01
960.0,8.0627E-01,4.2066E-01,3.9685E-01
970.0,7.9140E-01,6.3461E-01,5.9689E-01
980.0,7.7512E-01,6.0468E-01,5.6941E-01
990.0,7.5694E-01,7.3227E-01,6.8843E-01
1000.0,7.4255E-01,7.3532E-01,6.9159E-01
1010.0,7.3055E-01,7.1914E-01,6.7695E-01
1020.0,7.0127E-01,6.9896E-01,6.5839E-01
1030.0,6.9208E-01,6.9055E-01,6.5092E-01
1040.0,6.7440E-01,6.7170E-01,6.3366E-01
1050.0,6.6117E-01,6.5463E-01,6.1802E-01
1060.0,6.4831E-01,6.3585E-01,6.0073E-01
1070.0,6.2165E-01,6.0469E-01,5.7178E-01
1080.0,6.2250E-01,5.9722E-01,5.6519E-01
1090.0,6.0442E-01,5.5573E-01,5.2656E-01
1100.0,6.0000E-01,4.8577E-01,4.6113E-01
