350.0,1.0122E+00,5.2798E-01,3.2913E-01
353.0,9.8012E-01,5.2040E-01,3.2975E-01
356.0,1.0250E+00,5.5387E-01,3.5627E-01
359.0,8.5805E-01,4.6953E-01,3.0650E-01
362.0,9.5800E-01,5.3420E-01,3.5350E-01
365.0,1.0970E+00,6.2359E-01,4.1810E-01
368.0,1.1570E+00,6.6759E-01,4.5319E-01
371.0,1.1811E+00,6.9338E-01,4.7628E-01
374.0,9.3442E-01,5.5640E-01,3.8651E-01
377.0,1.1813E+00,7.1225E-01,5.0014E-01
380.0,1.1520E+00,7.0077E-01,4.9751E-01
383.0,7.3603E-01,4.5499E-01,3.2648E-01
386.0,9.9113E-01,6.2100E-01,4.4984E-01
389.0,1.0810E+00,6.8543E-01,5.0121E-01
392.0,1.2400E+00,7.9493E-01,5.8656E-01
395.0,1.2450E+00,8.0772E-01,6.0096E-01
398.0,1.3010E+00,8.5249E-01,6.3944E-01
401.0,1.7520E+00,1.1603E+00,8.7691E-01
404.0,1.7630E+00,1.1801E+00,8.9849E-01
407.0,1.6300E+00,1.1026E+00,8.4545E-01
410.0,1.5370E+00,1.0485E+00,8.0910E-01
413.0,1.7392E+00,1.1971E+00,9.2951E-01
416.0,1.8150E+00,1.2624E+00,9.8628E-01
419.0,1.7490E+00,1.2258E+00,9.6354E-01
422.0,1.7820E+00,1.2583E+00,9.9499E-01
425.0,1.7550E+00,1.2488E+00,9.9312E-01
428.0,1.6510E+00,1.1839E+00,9.4625E-01
431.0,1.0990E+00,7.9394E-01,6.3779E-01
434.0,1.5600E+00,1.1352E+00,9.1653E-01
437.0,1.9000E+00,1.3943E+00,1.1306E+00
440.0,1.8300E+00,1.3499E+00,1.0993E+00
443.0,1.9490E+00,1.4453E+00,1.1823E+00
446.0,1.7557E+00,1.3108E+00,1.0766E+00
449.0,2.0010E+00,1.5045E+00,1.2409E+00
452.0,2.0470E+00,1.5482E+00,1.2822E+00
455.0,2.0010E+00,1.5224E+00,1.2655E+00
458.0,2.0320E+00,1.5514E+00,1.2946E+00
461.0,2.0639E+00,1.5827E+00,1.3255E+00
464.0,2.0150E+00,1.5544E+00,1.3055E+00
467.0,1.9310E+00,1.4973E+00,1.2616E+00
470.0,1.9390E+00,1.5077E+00,1.2749E+00
473.0,1.9882E+00,1.5499E+00,1.3144E+00
476.0,2.0120E+00,1.5631E+00,1.3299E+00
479.0,2.0400E+00,1.5916E+00,1.3586E+00
482.0,2.0623E+00,1.6236E+00,1.3899E+00
485.0,1.9790E+00,1.5683E+00,1.3457E+00
488.0,1.9350E+00,1.5413E+00,1.3252E+00
491.0,1.9490E+00,1.5595E+00,1.3435E+00
494.0,1.9339E+00,1.5525E+00,1.3402E+00
497.0,1.9800E+00,1.5944E+00,1.3788E+00
500.0,1.9160E+00,1.5451E+00,1.3391E+00
503.0,1.9490E+00,1.5653E+00,1.3597E+00
506.0,2.0250E+00,1.6264E+00,1.4153E+00
509.0,1.9650E+00,1.5893E+00,1.3850E+00
512.0,1.9890E+00,1.6186E+00,1.4125E+00
515.0,1.8750E+00,1.5314E+00,1.3385E+00
518.0,1.7590E+00,1.4403E+00,1.2605E+00
521.0,1.8730E+00,1.5346E+00,1.3452E+00
524.0,1.9410E+00,1.5905E+00,1.3962E+00
527.0,1.6410E+00,1.3417E+00,1.1795E+00
530.0,1.8920E+00,1.5446E+00,1.3598E+00
533.0,1.7470E+00,1.4286E+00,1.2590E+00
536.0,1.9740E+00,1.6199E+00,1.4292E+00
539.0,1.8640E+00,1.5352E+00,1.3558E+00
542.0,1.8880E+00,1.5511E+00,1.3714E+00
545.0,1.8740E+00,1.5435E+00,1.3657E+00
548.0,1.8260E+00,1.5049E+00,1.3331E+00
551.0,1.8590E+00,1.5382E+00,1.3639E+00
554.0,1.8780E+00,1.5549E+00,1.3802E+00
557.0,1.8120E+00,1.4988E+00,1.3321E+00
560.0,1.7860E+00,1.4740E+00,1.3118E+00
563.0,1.8710E+00,1.5408E+00,1.3731E+00
566.0,1.7500E+00,1.4374E+00,1.2823E+00
569.0,1.8310E+00,1.4807E+00,1.3228E+00
572.0,1.8720E+00,1.5134E+00,1.3534E+00
575.0,1.8340E+00,1.4777E+00,1.3225E+00
578.0,1.7990E+00,1.4560E+00,1.3040E+00
581.0,1.8330E+00,1.5089E+00,1.3518E+00
584.0,1.8540E+00,1.5448E+00,1.3845E+00
587.0,1.8380E+00,1.5281E+00,1.3708E+00
590.0,1.7218E+00,1.3709E+00,1.2316E+00
593.0,1.7920E+00,1.4561E+00,1.3086E+00
596.0,1.7960E+00,1.4745E+00,1.3260E+00
599.0,1.7640E+00,1.4606E+00,1.3145E+00
602.0,1.7150E+00,1.4360E+00,1.2928E+00
605.0,1.7730E+00,1.4895E+00,1.3418E+00
608.0,1.7510E+00,1.4862E+00,1.3392E+00
611.0,1.7120E+00,1.4611E+00,1.3170E+00
614.0,1.6550E+00,1.4176E+00,1.2783E+00
617.0,1.6410E+00,1.4128E+00,1.2744E+00
620.0,1.7110E+00,1.4739E+00,1.3299E+00
623.0,1.6820E+00,1.4165E+00,1.2793E+00
626.0,1.6400E+00,1.4012E+00,1.2655E+00
629.0,1.6870E+00,1.4114E+00,1.2758E+00
632.0,1.5901E+00,1.3638E+00,1.2327E+00
635.0,1.6520E+00,1.4458E+00,1.3065E+00
638.0,1.6650E+00,1.4707E+00,1.3292E+00
641.0,1.6100E+00,1.4348E+00,1.2970E+00
644.0,1.6140E+00,1.4462E+00,1.3074E+00
647.0,1.6060E+00,1.4086E+00,1.2744E+00
650.0,1.5260E+00,1.3594E+00,1.2299E+00
653.0,1.5980E+00,1.4311E+00,1.2950E+00
656.0,1.3233E+00,1.1851E+00,1.0727E+00
659.0,1.5420E+00,1.3905E+00,1.2586E+00
662.0,1.5710E+00,1.3819E+00,1.2518E+00
665.0,1.5670E+00,1.4214E+00,1.2871E+00
668.0,1.5348E+00,1.4150E+00,1.2810E+00
671.0,1.5290E+00,1.4169E+00,1.2829E+00
674.0,1.5130E+00,1.4074E+00,1.2742E+00
677.0,1.5000E+00,1.3991E+00,1.2669E+00
680.0,1.4940E+00,1.3969E+00,1.2650E+00
683.0,1.4760E+00,1.3830E+00,1.2526E+00
686.0,1.4330E+00,1.3438E+00,1.2174E+00
689.0,1.4780E+00,1.1278E+00,1.0260E+00
692.0,1.4540E+00,1.2689E+00,1.1516E+00
695.0,1.4350E+00,1.2714E+00,1.1538E+00
698.0,1.4170E+00,1.3192E+00,1.1961E+00
701.0,1.4131E+00,1.2659E+00,1.1489E+00
704.0,1.4187E+00,1.3078E+00,1.1864E+00
707.0,1.4040E+00,1.3090E+00,1.1875E+00
710.0,1.4040E+00,1.3175E+00,1.1954E+00
713.0,1.3702E+00,1.2918E+00,1.1719E+00
716.0,1.3694E+00,1.2716E+00,1.1548E+00
719.0,1.3010E+00,9.2318E-01,8.4274E-01
722.0,1.3600E+00,1.2407E+00,1.1281E+00
725.0,1.3465E+00,1.0380E+00,9.4741E-01
728.0,1.3370E+00,1.0400E+00,9.4968E-01
731.0,1.3104E+00,1.0703E+00,9.7702E-01
734.0,1.3390E+00,1.2357E+00,1.1261E+00
737.0,1.3120E+00,1.2039E+00,1.0978E+00
740.0,1.2830E+00,1.2195E+00,1.1119E+00
743.0,1.2892E+00,1.2405E+00,1.1316E+00
746.0,1.2892E+00,1.2470E+00,1.1381E+00
749.0,1.2760E+00,1.2357E+00,1.1286E+00
752.0,1.2720E+00,1.2330E+00,1.1265E+00
755.0,1.2771E+00,1.2383E+00,1.1321E+00
758.0,1.2680E+00,1.2295E+00,1.1246E+00
761.0,1.2487E+00,1.5396E-01,1.4328E-01
764.0,1.2566E+00,5.3878E-01,4.9885E-01
767.0,1.2120E+00,9.7417E-01,8.9574E-01
770.0,1.2146E+00,1.1608E+00,1.0646E+00
773.0,1.2100E+00,1.1771E+00,1.0797E+00
776.0,1.2102E+00,1.1798E+00,1.0827E+00
779.0,1.2067E+00,1.1765E+00,1.0803E+00
782.0,1.1950E+00,1.1662E+00,1.0714E+00
785.0,1.1874E+00,1.1586E+00,1.0649E+00
788.0,1.1800E+00,1.1305E+00,1.0399E+00
791.0,1.1632E+00,1.1058E+00,1.0179E+00
794.0,1.1260E+00,1.0972E+00,1.0101E+00
797.0,1.1580E+00,1.0913E+00,1.0057E+00
800.0,1.1248E+00,1.0725E+00,9.8859E-01
803.0,1.1241E+00,1.0657E+00,9.8288E-01
806.0,1.1309E+00,1.0974E+00,1.0122E+00
809.0,1.0980E+00,1.0548E+00,9.7353E-01
812.0,1.1160E+00,1.0268E+00,9.4882E-01
815.0,1.1091E+00,8.9523E-01,8.2927E-01
818.0,1.0861E+00,8.2259E-01,7.6299E-01
821.0,1.0760E+00,9.9764E-01,9.2292E-01
824.0,1.0715E+00,9.3506E-01,8.6619E-01
827.0,1.0762E+00,9.8465E-01,9.1178E-01
830.0,1.0563E+00,9.1601E-01,8.4930E-01
833.0,1.0327E+00,9.5650E-01,8.8622E-01
836.0,1.0597E+00,9.7234E-01,9.0135E-01
839.0,1.0400E+00,1.0013E+00,9.2783E-01
842.0,1.0287E+00,9.9703E-01,9.2411E-01
845.0,1.0360E+00,1.0165E+00,9.4226E-01
848.0,1.0110E+00,9.9217E-01,9.2010E-01
851.0,9.9800E-01,9.7493E-01,9.0454E-01
854.0,8.6900E-01,8.5112E-01,7.9000E-01
857.0,1.0056E+00,9.9166E-01,9.2059E-01
860.0,1.0000E+00,9.8816E-01,9.1764E-01
863.0,1.0120E+00,1.0005E+00,9.2934E-01
866.0,8.5800E-01,8.4900E-01,7.8882E-01
869.0,9.5900E-01,9.4956E-01,8.8252E-01
872.0,9.7600E-01,9.6686E-01,8.9887E-01
875.0,9.3562E-01,9.2687E-01,8.6204E-01
878.0,9.6200E-01,9.5237E-01,8.8607E-01
881.0,9.1963E-01,9.0861E-01,8.4563E-01
884.0,9.4352E-01,9.3305E-01,8.6859E-01
887.0,9.2300E-01,9.1062E-01,8.4799E-01
890.0,9.4236E-01,9.2393E-01,8.6078E-01
893.0,9.1800E-01,8.7327E-01,8.1412E-01
896.0,9.3425E-01,7.6253E-01,7.1265E-01
899.0,9.1396E-01,5.4871E-01,5.1461E-01
902.0,8.7720E-01,6.6791E-01,6.2500E-01
905.0,9.1800E-01,8.1709E-01,7.6337E-01
908.0,9.0143E-01,6.5217E-01,6.1091E-01
911.0,8.9730E-01,6.6808E-01,6.2580E-01
914.0,8.9820E-01,6.2649E-01,5.8740E-01
917.0,8.8860E-01,7.3017E-01,6.8350E-01
920.0,8.8540E-01,7.4414E-01,6.9657E-01
923.0,8.3335E-01,7.4504E-01,6.9698E-01
926.0,8.4561E-01,7.0331E-01,6.5875E-01
929.0,8.6954E-01,5.5127E-01,5.1792E-01
932.0,8.6514E-01,3.0086E-01,2.8386E-01
935.0,8.5601E-01,2.5084E-01,2.3690E-01
938.0,8.5936E-01,2.0058E-01,1.8962E-01
941.0,8.3153E-01,3.7195E-01,3.5071E-01
944.0,8.1854E-01,2.8579E-01,2.6987E-01
947.0,8.2809E-01,3.7112E-01,3.5010E-01
950.0,8.2867E-01,1.4726E-01,1.3944E-01
953.0,8.2050E-01,3.4362E-01,3.2442E-01
956.0,8.0200E-01,3.2821E-01,3.0996E-01
959.0,8.1483E-01,3.7385E-01,3.5294E-01
962.0,8.0173E-01,4.4174E-01,4.1664E-01
965.0,7.9579E-01,5.0374E-01,4.7469E-01
968.0,7.8526E-01,6.5210E-01,6.1301E-01
971.0,7.8186E-01,7.1397E-01,6.7059E-01
974.0,7.6882E-01,5.7529E-01,5.4170E-01
977.0,7.7208E-01,6.3864E-01,6.0084E-01
980.0,7.7512E-01,6.0468E-01,5.6941E-01
983.0,7.7541E-01,6.6865E-01,6.2915E-01
986.0,7.6620E-01,7.5083E-01,7.0553E-01
989.0,7.5500E-01,7.4906E-01,7.0391E-01
992.0,7.5714E-01,7.5102E-01,7.0597E-01
995.0,7.5392E-01,7.5176E-01,7.0673E-01
998.0,7.4300E-01,7.3887E-01,6.9481E-01
1001.0,7.4741E-01,7.4442E-01,7.0013E-01
1004.0,7.3133E-01,7.2336E-01,6.8056E-01
1007.0,7.3093E-01,7.2753E-01,6.8463E-01
1010.0,7.3055E-01,7.1914E-01,6.7695E-01
1013.0,7.1960E-01,7.1761E-01,6.7556E-01
1016.0,7.1419E-01,7.1129E-01,6.6976E-01
1019.0,6.9606E-01,6.8878E-01,6.4880E-01
1022.0,6.9300E-01,6.8970E-01,6.4980E-01
1025.0,6.9918E-01,6.9753E-01,6.5727E-01
1028.0,6.9722E-01,6.9385E-01,6.5398E-01
1031.0,6.8985E-01,6.8736E-01,6.4799E-01
1034.0,6.8181E-01,6.8015E-01,6.4136E-01
1037.0,6.7731E-01,6.7497E-01,6.3664E-01
1040.0,6.7440E-01,6.7170E-01,6.3366E-01
1043.0,6.6860E-01,6.6525E-01,6.2773E-01
1046.0,6.5131E-01,6.4714E-01,6.1078E-01
1049.0,6.6491E-01,6.5896E-01,6.2206E-01
1052.0,6.5848E-01,6.5118E-01,6.1487E-01
1055.0,6.5753E-01,6.4847E-01,6.1242E-01
1058.0,6.4937E-01,6.3818E-01,6.0286E-01
1061.0,6.3387E-01,6.2121E-01,5.8694E-01
1064.0,6.4621E-01,6.3196E-01,5.9722E-01
1067.0,6.3517E-01,6.2032E-01,5.8637E-01
1070.0,6.2165E-01,6.0469E-01,5.7178E-01
1073.0,6.1796E-01,6.0363E-01,5.7086E-01
1076.0,6.2468E-01,6.1471E-01,5.8141E-01
1079.0,6.1203E-01,6.0474E-01,5.7210E-01
1082.0,6.0249E-01,5.8940E-01,5.5773E-01
1085.0,6.1181E-01,5.9330E-01,5.6163E-01
1088.0,6.0728E-01,5.9317E-01,5.6159E-01
1091.0,6.0799E-01,5.8835E-01,5.5722E-01
1094.0,5.6065E-01,5.3965E-01,5.1120E-01
1097.0,5.9100E-01,5.7852E-01,5.4805E-01
1100.0,6.0000E-01,4.8577E-01,4.6113E-01
