350	0.16411919001166
353	0.167468629473372
356	0.173183930389408
359	0.173024153628236
362	0.182915400750915
365	0.189354365354595
368	0.192781995647157
371	0.198624846173077
374	0.212221983753007
377	0.219807870058401
380	0.229660499226824
383	0.241926347087342
386	0.253121397530842
389	0.264361781779052
392	0.278790278666853
395	0.290959057444392
398	0.302415330259255
401	0.316005450925698
404	0.328791268735241
407	0.339434646922965
410	0.351843044977474
413	0.36338426337876
416	0.373432434978724
419	0.385247548230609
422	0.398034470298933
425	0.411482017043498
428	0.42714336045063
431	0.440341522249687
434	0.454037198399037
437	0.467575701724772
440	0.477528005882124
443	0.485668646865401
446	0.493875664550347
449	0.50039767584259
452	0.507801371622263
455	0.514487746143739
458	0.520830657439883
461	0.52748405740359
464	0.534587136463508
467	0.541814263651783
470	0.550349728352388
473	0.557347552766445
476	0.56406921951508
479	0.571352600696593
482	0.578266323642822
485	0.584830862034357
488	0.592213045394584
491	0.598079905013182
494	0.605167784713657
497	0.609553296426591
500	0.614073231779986
503	0.619781790002269
506	0.622957285819446
509	0.62762245039911
512	0.630055330508543
515	0.632062562113563
518	0.635504451156315
521	0.63685288534142
524	0.638538287432812
527	0.641066788731523
530	0.641846106394456
533	0.642389145408968
536	0.64560724031577
539	0.646983760031335
542	0.647189657156531
545	0.647879980341482
548	0.649478085373487
551	0.650404929858858
554	0.651399546118245
557	0.652163860936099
560	0.653808198114888
563	0.654965021134527
566	0.65540516049094
569	0.656282504667254
572	0.657401101311207
575	0.658045947596825
578	0.659976971979148
581	0.660739939144298
584	0.661034564983818
587	0.66242708167051
590	0.663066804819004
593	0.663388860501232
596	0.665425430782957
599	0.665586597203175
602	0.666041896589044
605	0.667144694576163
608	0.667725356319853
611	0.668280423526803
614	0.669624948511484
617	0.670306426343141
620	0.671365101612411
623	0.67230171386192
626	0.672794849960043
629	0.673513624224077
632	0.673954715057797
635	0.674160601907469
638	0.67527971339478
641	0.67563642557214
644	0.676904472083543
647	0.676738352007535
650	0.677010571210462
653	0.676611737702466
656	0.677257681714721
659	0.676994020896409
662	0.677471959323597
665	0.678149558879068
668	0.678354141201618
671	0.678724136810528
674	0.678109773528119
677	0.67714038010767
680	0.677327383640279
683	0.677595263862078
686	0.678863685092921
689	0.679978705386249
692	0.680603082844614
695	0.681331443470472
698	0.680220855742263
701	0.677789957860664
704	0.6760110981093
707	0.674225616590768
710	0.674639246112797
713	0.677109502405795
716	0.680950753953203
719	0.685212500929054
722	0.685575963562647
725	0.683087282864045
728	0.678769056831061
731	0.672563131917097
734	0.668889136093192
737	0.668126957879738
740	0.671530027050885
743	0.677751003031805
746	0.685607466984388
749	0.691424533681872
752	0.694172160516177
755	0.69054273363896
758	0.682841891240207
761	0.672639650303706
764	0.662789692141949
767	0.657251544561554
770	0.65712039414514
773	0.663677554388269
776	0.674752129275674
779	0.68774553350473
782	0.69948309409813
785	0.706213432397614
788	0.704978659235174
791	0.695626963693939
794	0.680302104103497
797	0.662406215884282
800	0.644510327665067
803	0.640516547527619
806	0.64098068197323
809	0.646065249120973
812	0.656688770328995
815	0.669681486952284
818	0.682057589222754
821	0.69108521573443
824	0.693968916957198
827	0.689961443515161
830	0.678486443127658
833	0.661551609684232
836	0.640798803706647
839	0.61964275448924
842	0.600794765624369
845	0.587300113637291
848	0.580958529530132
851	0.582602778950036
854	0.591938102024585
857	0.607956214999762
860	0.628743140379975
863	0.645636809837648
866	0.645314686786764
869	0.6136707081628
872	0.552253267472801
875	0.471013815528821
878	0.379256773335713
881	0.290760783804142
884	0.200046654904281
887	0.116656317179712
890	0.0573452530843494
893	0.0255581308159352
896	0.0143770916709703
899	0.0103985540229482
902	0.00946069102521055
905	0.0093253707242119
908	0.00912860188693399
911	0.00857678669822162
914	0.00777712672122279
917	0.00672276987329297
920	0.00540021354881339
923	0.00382332277528406
926	0.0023297529336803
929	0.00134554071664561
932	0.000840144656962124
935	0.000548899218439626
938	0.000461157833539641
941	0.000361678851409728
944	0.000327359840435921
947	0.00031975539150354
950	0.000309521618793068
953	0.000358242495246857
956	0.000337866239388248
959	0.000359820677111699
962	0.00033816820201924
965	0.000322766105772332
968	0.000279224757079073
971	0.000249695366178216
974	0.000252712454978695
977	0.00021289396180655
980	0.000168333253091374
983	0.000153786912367847
986	0.0001506589298551
989	0.000123344422795222
992	0.000127928850467231
995	9.71098748614633E-05
998	0.000114275297955062
1001	7.82636236977593E-05
1004	4.81797020512605E-05
1007	4.10982359285945E-05
1010	4.90906059325997E-05
1013	7.18583487989011E-05
1016	1.63288072418901E-05
1019	3.59582228487633E-05
1022	3.33927642826577E-05
1025	3.40020314998832E-05
1028	4.77393431984497E-05
1031	2.52542672128295E-05
1034	3.43407198364516E-05
1037	1.06372298704073E-05
1040	3.53006251243449E-05
1043	4.10873241325248E-05
1046	3.45828833106496E-05
1049	3.87380712263203E-05
1052	3.29263549489341E-05
1055	2.09376645326003E-05
1058	3.52116747783875E-05
1061	1.29504445069545E-05
1064	6.84654211367355E-06
1067	2.52594475109244E-05
1070	1.75095549201703E-05
1073	3.9979427879378E-05
1076	3.97089929015601E-05
1079	3.15776366810378E-05
1082	2.56349138241831E-05
1085	3.20076491016399E-05
1088	1.58585068558577E-05
1091	3.58844677157181E-05
1094	3.32347984934139E-06
1097	5.13661369423565E-06
1100	1.72538259279319E-05
