350	0.202142536980541
360	0.215880876210088
370	0.246092259006239
380	0.296488568378055
390	0.344967112594957
400	0.388779696346385
410	0.438770315748415
420	0.475894995231305
430	0.520476531535878
440	0.567752723221387
450	0.595896679199371
460	0.621103768476966
470	0.646401975726719
480	0.67222502364475
490	0.689532154324148
500	0.700432784726824
510	0.713050910686973
520	0.719355975701176
530	0.721626383364867
540	0.720972609736753
550	0.724649798236936
560	0.724752573051095
570	0.726280225184872
580	0.726683800837361
590	0.727455987962039
600	0.728017018167974
610	0.727764287678528
620	0.729636748595727
630	0.729541603204776
640	0.729220607981258
650	0.727755026583888
660	0.727010314829993
670	0.724190081342976
680	0.723792322040103
690	0.721741121432088
700	0.718541627516439
710	0.72201167036319
720	0.712567729628761
730	0.711382278418561
740	0.722599971098732
750	0.701337572241531
760	0.701445871085273
770	0.723456246231259
780	0.69824402368464
790	0.673675984983069
800	0.649107946281497
810	0.649061866213049
820	0.611754952956291
830	0.595451943635669
840	0.639232604875282
850	0.673938120946386
860	0.602908468449847
870	0.376230284700422
880	0.150782542153902
890	0.055943650713925
900	0.0242633422491532
910	0.0030710089467909
920	0.000927032008300189
