350	0.197204465426729
353	0.208179146881969
356	0.212399623353748
359	0.230026028179242
362	0.249535780276919
365	0.270158309785964
368	0.278721078681339
371	0.307259756117309
374	0.33170078978555
377	0.360084353651228
380	0.377137217460467
383	0.401556363636106
386	0.423242141304757
389	0.44091651190472
392	0.463049651017425
395	0.476076134011261
398	0.486699889092456
401	0.498932408393429
404	0.511822217616371
407	0.521423659565052
410	0.531293063326245
413	0.541047480679332
416	0.546557561934481
419	0.552133779626015
422	0.557579502206606
425	0.564326877689556
428	0.572795674276012
431	0.580927998666688
434	0.593246503505716
437	0.605890389234934
440	0.621306673057771
443	0.633425687462993
446	0.646850427115519
449	0.658270574153045
452	0.670102355154841
455	0.68086786261731
458	0.690971991365724
461	0.701090977697904
464	0.711452667307541
467	0.720418600507862
470	0.730656521398217
473	0.739723825216379
476	0.747007744011953
479	0.753750624820419
482	0.760408964197061
485	0.765468366679979
488	0.77243678379815
491	0.777867473609426
494	0.782476627286221
497	0.786779598889426
500	0.791310257508395
503	0.797178704855768
506	0.799543444097424
509	0.804517043610254
512	0.806977302451006
515	0.810549628304576
518	0.813528121901538
521	0.815822680067813
524	0.817600031428422
527	0.821086177847536
530	0.822114479792358
533	0.82303715084024
536	0.827079885266057
539	0.828401937476994
542	0.829748888971924
545	0.831119186433712
548	0.833237066382308
551	0.834629465436341
554	0.836217393856726
557	0.836740291372678
560	0.839388320082038
563	0.841133431434149
566	0.842419350506692
569	0.843247069239097
572	0.846913236043027
575	0.846987176742061
578	0.85012543625566
581	0.851457496140909
584	0.852173858633188
587	0.853865995793154
590	0.854979886365302
593	0.855804572551443
596	0.85882385981038
599	0.859252898198431
602	0.860377146806819
605	0.861873293262063
608	0.863663961086551
611	0.865168818620164
614	0.86662751036326
617	0.868001655459485
620	0.869269717486454
623	0.871286036255037
626	0.872651074070547
629	0.873864446486867
632	0.874697733213625
635	0.876219886096991
638	0.877755328746951
641	0.878761890306881
644	0.881091227237523
647	0.881580200521882
650	0.883086016732529
653	0.883364200713504
656	0.88417438075356
659	0.884881908474986
662	0.885995167105048
665	0.886243434539853
668	0.887891627867507
671	0.889084988966637
674	0.889995149630316
677	0.890537611771311
680	0.892080920780317
683	0.892307608879279
686	0.893955111376505
689	0.893948165893665
692	0.894163192875581
695	0.89585260117484
698	0.896793730753291
701	0.897151745215533
704	0.897814110195411
707	0.897264727185005
710	0.897300255442074
713	0.896345384643468
716	0.897070059314534
719	0.898423121940589
722	0.89960261971668
725	0.90056435428777
728	0.902100101780526
731	0.902953994386289
734	0.903438744208267
737	0.903092809857305
740	0.902677242363932
743	0.901579756972917
746	0.901532961257989
749	0.901836006096417
752	0.904197750063245
755	0.906421299523491
758	0.908690257730375
761	0.910470989752386
764	0.910592846384483
767	0.909986140969993
770	0.908240380984859
773	0.906825587552538
776	0.90496072501302
779	0.903479567690501
782	0.903655649856612
785	0.904703375928855
788	0.905720209582987
791	0.907256554219134
794	0.909803903809767
797	0.911564052433629
800	0.913324201057491
803	0.913659256506204
806	0.912428187600094
809	0.909787211506589
812	0.907336019360313
815	0.904626766499227
818	0.901200406688382
821	0.897800367710919
824	0.894574652915462
827	0.89210775585997
830	0.889871014182901
833	0.889122484787967
836	0.889228564323391
839	0.889992085055612
842	0.890563832590083
845	0.89061215656437
848	0.889720957122145
851	0.884819892033979
854	0.874076897549256
857	0.85211371858499
860	0.81434807223144
863	0.757553093065829
866	0.68291502182262
869	0.594897443547661
872	0.500048013109476
875	0.400999751420593
878	0.304010491131945
881	0.224333489556729
884	0.157588211607216
887	0.106742771592409
890	0.071369910461267
893	0.0489493266359665
896	0.0334589583055057
899	0.0226676739454302
902	0.0154180925810656
905	0.0103605697019414
908	0.00684822772269522
911	0.00455244646531923
914	0.00302260342778043
917	0.0021293096823893
920	0.0015866656908539
923	0.00132265094817135
926	0.00115574956850974
929	0.00107024350641453
932	0.000983715926501901
935	0.000913258632408781
938	0.000850678259201719
941	0.000820778014128609
944	0.000702751817340546
947	0.000653114468348305
950	0.000548063760593366
953	0.000471554729177553
956	0.000430123178700159
959	0.00034796054462068
962	0.000314091858772162
965	0.00028439213833537
968	0.000210921769973144
971	0.000224986691196994
974	0.000211467820953945
977	0.000214574036792239
980	0.000213009638336779
983	0.000165300987056967
986	0.000202046835071933
989	0.000168456964153349
992	0.000162798630911523
995	0.000187382802889245
998	0.00012188798487407
1001	7.8368378981295E-05
1004	6.85115581970317E-05
1007	5.22796091885693E-05
1010	3.94829103825953E-05
1013	3.08184787554404E-05
1016	2.88195254796169E-05
1019	5.57501330027854E-05
1022	2.46867498801779E-05
1025	4.68548646027699E-05
1028	5.81483200998198E-05
1031	1.95485597884865E-05
1034	4.08948557784443E-05
1037	4.28655431779061E-05
1040	3.97542165752162E-05
1043	9.08785594809446E-06
1046	8.08534526522158E-05
1049	2.42258871491798E-05
1052	3.11343395669993E-05
1055	6.51003669459105E-06
1058	1.55727685281946E-05
1061	4.08110425242952E-05
1064	7.58509115014705E-06
1067	1.80236155342343E-05
1070	2.02688577994839E-05
1073	1.77909382092809E-05
1076	4.05003395396955E-05
1079	2.25760878426047E-05
1082	1.86420262423605E-05
1085	1.06941841702903E-05
1088	3.4800290072584E-05
1091	3.39750330082715E-05
1094	1.01436224776625E-05
1097	1.72597124920595E-05
1100	1.1668598094492E-05
