350	0.171336531352642
353	0.171835246181517
356	0.174152109668692
359	0.179751348327056
362	0.182915400750915
365	0.193514080201873
368	0.195202422792083
371	0.204694020385243
374	0.216956513968966
377	0.22651249606943
380	0.233427290083913
383	0.251401092211342
386	0.262386099482972
389	0.274792360513158
392	0.288509404133739
395	0.301379642696359
398	0.313643377056359
401	0.326733452506199
404	0.340478905030181
407	0.351553063119423
410	0.363619388238945
413	0.374228743131962
416	0.385603611109078
419	0.39733431024608
422	0.412005773089261
425	0.425661171587327
428	0.439880312026361
431	0.451984865347902
434	0.465056689593765
437	0.476294327693756
440	0.484896126397092
443	0.492245481035224
446	0.500895595635008
449	0.506208860944761
452	0.513853226379483
455	0.520571162230798
458	0.527153300549014
461	0.534107412350099
464	0.541217939519978
467	0.548557190177801
470	0.556759997259883
473	0.563718222504697
476	0.570621111354465
479	0.577578133107442
482	0.584198876447312
485	0.58913374369119
488	0.595607077021105
491	0.60047172028058
494	0.605765549507904
497	0.609086872760876
500	0.612649243338613
503	0.617375385700607
506	0.619648945052577
509	0.623216595205184
512	0.624672335841591
515	0.627419709518685
518	0.629814825516017
521	0.631185401976775
524	0.632524925788361
527	0.634504421890591
530	0.634972276455691
533	0.636194073593136
536	0.638917753118889
539	0.639970242777148
542	0.640209750231236
545	0.640592046020831
548	0.642352771236907
551	0.643117279159255
554	0.644221395459096
557	0.644736625036876
560	0.646650008414745
563	0.647463924175942
566	0.648132546865233
569	0.648761540918994
572	0.650464580379178
575	0.650983815141512
578	0.653105393939511
581	0.653812462290991
584	0.654537170779324
587	0.655670966425896
590	0.65617309224085
593	0.65639321423659
596	0.658245037096883
599	0.658848266472509
602	0.659467953116998
605	0.660614150094307
608	0.661156216041202
611	0.662202159893016
614	0.663049869908062
617	0.663721894635135
620	0.664627853445076
623	0.66584442837992
626	0.666477680189385
629	0.666959100327979
632	0.667604109766096
635	0.668525934829112
638	0.669326350361771
641	0.669520690483443
644	0.671155720183925
647	0.670895294783873
650	0.671175622937027
653	0.67122222540914
656	0.672091771815604
659	0.672129524432185
662	0.672038582094678
665	0.67195453643015
668	0.672075273246365
671	0.67192310371193
674	0.672107794284337
677	0.672047640231202
680	0.673582564889941
683	0.673775569070839
686	0.674132505420618
689	0.673151649497148
692	0.671816376615573
695	0.671126703909706
698	0.670373678899142
701	0.671329993002427
704	0.673400505774314
707	0.674153055727017
710	0.67445584328459
713	0.672368488010186
716	0.668796231739355
719	0.665957347408894
722	0.663717478599582
725	0.664231886545952
728	0.668299299472945
731	0.672829391261418
734	0.676815051610305
737	0.677380657227016
740	0.673821379613438
743	0.667464786810885
746	0.660231736507791
749	0.655336606647603
752	0.654999301306834
755	0.658673315821733
758	0.666056187257764
761	0.674738304077451
764	0.680978267137658
767	0.682612273709831
770	0.677972856352171
773	0.667881138839395
776	0.656275143116111
779	0.645058125939654
782	0.638536225143248
785	0.638166048531407
788	0.643427083409349
791	0.653801352740887
794	0.667081096069772
797	0.679275631139667
800	0.691470166209562
803	0.687530375972996
806	0.679265332612096
809	0.667477151471351
812	0.655341053800803
815	0.645078802792082
818	0.638328747413164
821	0.637792511351536
824	0.643238540377274
827	0.654210360698158
830	0.667833301437683
833	0.681114065015727
836	0.690142885033587
839	0.692241972640796
842	0.685530732583462
845	0.669952399826484
848	0.646570043416496
851	0.615566045074005
854	0.5782567696825
857	0.53659684981903
860	0.492897851086946
863	0.452200978213253
866	0.418334970410764
869	0.388110062158916
872	0.355728316734727
875	0.311864243375204
878	0.260709730742425
881	0.21477714946934
884	0.170786412218618
887	0.12654479104194
890	0.0836543073736433
893	0.045561324235576
896	0.0196584659759683
899	0.0091268372320161
902	0.005596105312943
905	0.00502916244954113
908	0.00556363885149758
911	0.00630924863905997
914	0.00669374497599986
917	0.00663392321707682
920	0.00642460261281101
923	0.00574926669309249
926	0.00474286134697427
929	0.00351018220985174
932	0.00220064304069234
935	0.00126563323849189
938	0.000755873488249099
941	0.000534836628180637
944	0.000420743809058881
947	0.000334805207429372
950	0.000334789016587542
953	0.00032480419656298
956	0.000372128575654117
959	0.000422887393187526
962	0.000490219006910551
965	0.000520960816109311
968	0.00052048959465366
971	0.000494940698811862
974	0.000429451728492907
977	0.000328205517038908
980	0.000247480269765898
983	0.000241965501826834
986	0.000183810734364771
989	0.000157250536572027
992	0.000129925800045149
995	0.000128641773925263
998	9.38293940666594E-05
1001	5.26413713816337E-05
1004	5.09601481208294E-05
1007	1.24541127652923E-05
1010	3.36073860917706E-05
1013	4.9223134305875E-05
1016	3.2547755658361E-05
1019	2.07735405181817E-05
1022	3.5765123287988E-05
1025	2.94052916518928E-05
1028	4.37232502794605E-05
1031	3.84444164231395E-05
1034	5.70763198771441E-05
1037	3.11156118672954E-05
1040	1.05769787757916E-05
1043	2.30047084447865E-05
1046	3.37502873302397E-05
1049	1.56351850270978E-05
1052	4.21599988630494E-05
1055	1.15041356782881E-05
1058	1.43434041789674E-05
1061	3.96919848242466E-05
1064	6.82521355920213E-06
1067	1.04825640496921E-05
1070	8.26657855234032E-06
1073	2.24491421872224E-05
1076	1.63705755382091E-05
1079	2.12303742991992E-05
1082	3.96516485497327E-05
1085	2.01271164811597E-05
1088	2.5741117629363E-05
1091	3.92215624220314E-05
1094	2.72023218436805E-05
1097	8.53116339147693E-06
1100	2.38344512098069E-05
