350	0.124694984420744
353	0.126334501036743
356	0.123885580983539
359	0.127214763049349
362	0.13244605631205
365	0.133914902776796
368	0.135828494297715
371	0.140866599521622
374	0.147293107271295
377	0.15486918225959
380	0.160245008127675
383	0.166939244060377
386	0.173243133694901
389	0.178870704419221
392	0.188980802610506
395	0.195057254180687
398	0.20478237442755
401	0.213461243331278
404	0.221767007834705
407	0.227621019942913
410	0.236039286115358
413	0.244655870690411
416	0.250970123428341
419	0.25845136970811
422	0.268264540626851
425	0.278644843584739
428	0.292585500110915
431	0.304984705235537
434	0.320667947321933
437	0.333049106876995
440	0.346970445095307
443	0.358372377851487
446	0.370090597322119
449	0.379910542296397
452	0.390881489923986
455	0.399824172167214
458	0.409483590805308
461	0.41813618353971
464	0.428221215074341
467	0.437296478729074
470	0.447727577064287
473	0.456819290079259
476	0.465877070257683
479	0.475365590833403
482	0.483815438685606
485	0.491233082174686
488	0.500103640297658
491	0.507771187727574
494	0.514925393716607
497	0.521262112187519
500	0.527503567331217
503	0.534694233489713
506	0.53884568696322
509	0.544433596178234
512	0.54809164191471
515	0.551936404408074
518	0.55699702545294
521	0.559532219438053
524	0.562395726993395
527	0.565901183021469
530	0.568094214528898
533	0.570307505048491
536	0.574287518332617
539	0.576452905375879
542	0.578598296821036
545	0.580386676314924
548	0.582538668956821
551	0.584631318945546
554	0.587022948860829
557	0.588312153196026
560	0.591374884532161
563	0.593127155741731
566	0.59481749375607
569	0.596751937937093
572	0.598757171992745
575	0.600301296827253
578	0.60290481866916
581	0.60470736822312
584	0.60632955143551
587	0.608058755332382
590	0.609578840382305
593	0.610842392163751
596	0.613404812473296
599	0.614233321469597
602	0.615640050857085
605	0.617151670649024
608	0.61843410808523
611	0.620107195373347
614	0.621830336510845
617	0.623203329104493
620	0.624764045467134
623	0.62658161106265
626	0.627503981086771
629	0.628737762585133
632	0.63027486697631
635	0.631502397265642
638	0.63258675543955
641	0.633772917263704
644	0.635498808016533
647	0.636241049304072
650	0.637144125093724
653	0.637800422222099
656	0.638641009006465
659	0.639120927094787
662	0.640264644841399
665	0.641229508132158
668	0.641896608488245
671	0.642548285852272
674	0.642990965005708
677	0.643396090238063
680	0.644379170916745
683	0.6453054656308
686	0.6470066208153
689	0.647832535977886
692	0.648168026416846
695	0.648283898204352
698	0.647286279036412
701	0.64610244892628
704	0.646169130442
707	0.646946550813308
710	0.649281311141675
713	0.651418923504795
716	0.652651666855866
719	0.652056001199227
722	0.64809878986383
725	0.64406180348955
728	0.641881174501638
731	0.642114701808342
734	0.646223474740029
737	0.65212624111253
740	0.657741183759419
743	0.659681842410892
746	0.657828772418243
749	0.652200299780881
752	0.645227504830967
755	0.638478481015133
758	0.635706424738611
761	0.637583944515892
764	0.64439783460581
767	0.653532952296998
770	0.662228571213206
773	0.667464795445876
776	0.666849815762888
779	0.65957034831874
782	0.648327650866215
785	0.636496475790077
788	0.625983650975016
791	0.620638637957498
794	0.621588794012884
797	0.629320427911751
800	0.637052061810617
803	0.643631747223943
806	0.64750457237828
809	0.647009142807594
812	0.642312875136336
815	0.633474323703013
818	0.621331538220372
821	0.609200557624662
824	0.598510329976475
827	0.592895086724187
830	0.593269312467672
833	0.600851239842703
836	0.614359896140973
839	0.631178066327111
842	0.647132847326971
845	0.658627797760761
848	0.66241923233601
851	0.654885906874219
854	0.633136183798869
857	0.594902390433316
860	0.541333771666944
863	0.475890915373848
866	0.406150171827625
869	0.339285561550175
872	0.28063667024122
875	0.229723862097161
878	0.186820055483408
881	0.153053018514298
884	0.123950801992389
887	0.100152515507277
890	0.0803907048097147
893	0.061506048337218
896	0.0423282222839372
899	0.0239255127777862
902	0.011323419573774
905	0.00514673583575579
908	0.00294715498985178
911	0.00254401162574786
914	0.00274268330710955
917	0.0033998049442035
920	0.00394499031630226
923	0.0042261911987761
926	0.00421871982814469
929	0.00404182443217121
932	0.0036232654691432
935	0.00299782661335909
938	0.00222174018163091
941	0.00140572122675895
944	0.000818076002503231
947	0.000494680340728143
950	0.000417198114521151
953	0.000317754157657748
956	0.000230041551081621
959	0.000249680906585743
962	0.000289553098681532
965	0.000267529858901932
968	0.000359133106296026
971	0.000368111365675473
974	0.000362504710258028
977	0.000374098577353001
980	0.000340250548295289
983	0.00033125199949544
986	0.000285225942888844
989	0.000227560732710687
992	0.000174690874645554
995	0.000139730855115281
998	0.00012675211451413
1001	5.51531069128562E-05
1004	6.21344406614405E-05
1007	7.15104406754642E-05
1010	4.03523578469828E-05
1013	2.45889502590954E-05
1016	1.91050108133696E-05
1019	2.55295485628154E-05
1022	5.3414552298028E-05
1025	3.2286732944627E-05
1028	1.18563176409472E-05
1031	2.76637756915681E-05
1034	3.01653171255312E-05
1037	4.05083417929615E-05
1040	2.5065618398247E-05
1043	2.58966980857585E-05
1046	2.22907069610763E-05
1049	2.91568533019641E-05
1052	1.53519115969687E-05
1055	2.56817847662434E-05
1058	1.45409357565133E-05
1061	3.06429672470852E-05
1064	3.04885348712936E-05
1067	1.57633225186599E-05
1070	1.04295289688573E-05
1073	1.85449465727117E-05
1076	2.30360496227419E-05
1079	3.37227521976472E-05
1082	9.31925296767691E-06
1085	2.21570955153922E-05
1088	2.14743744849181E-05
1091	2.47552040517728E-05
1094	1.07520343481069E-05
1097	1.22618815599542E-05
1100	1.41741389999569E-05
