350	0.177760057854419
353	0.173876281134761
356	0.174562822547085
359	0.179170777119273
362	0.187243582450923
365	0.193464768733923
368	0.194395098210836
371	0.204628586526383
374	0.218055044122429
377	0.228600535112447
380	0.234519223417422
383	0.24954259848863
386	0.261527787651816
389	0.274371224877892
392	0.29014985708041
395	0.300970733034937
398	0.313229597682245
401	0.327884919407977
404	0.339809053680229
407	0.350543195103051
410	0.363218639251613
413	0.374612618521456
416	0.385320638843661
419	0.397484635150744
422	0.412261512778602
425	0.424868134570587
428	0.440932062904201
431	0.452953612496322
434	0.467061146847787
437	0.47944746387178
440	0.488964159132116
443	0.496031407716008
446	0.505693466457808
449	0.513086411715803
452	0.520881186742706
455	0.528266439643823
458	0.535110270236424
461	0.542844197545665
464	0.549805482841722
467	0.557416875330487
470	0.566378527581567
473	0.573147417572261
476	0.580240685765982
479	0.586917141266958
482	0.592898663807856
485	0.59758188735744
488	0.602865691454991
491	0.607159539409109
494	0.611873801523067
497	0.614339953993386
500	0.617373590573274
503	0.621880112419157
506	0.623980575049778
509	0.626623247781024
512	0.628165338626816
515	0.630496567112511
518	0.632714136666053
521	0.633698427346812
524	0.634982694062155
527	0.636914099768771
530	0.637179730184687
533	0.638012999472485
536	0.640325899666955
539	0.641303339322139
542	0.641712270248071
545	0.642544884781367
548	0.643384014963352
551	0.64431673321653
554	0.645130335693876
557	0.645855167701674
560	0.647445053950372
563	0.648336399974343
566	0.648821094352069
569	0.649696314730833
572	0.650842791802645
575	0.651399388442916
578	0.653023414796755
581	0.653974838383037
584	0.654335819240174
587	0.655071559253802
590	0.655459376547872
593	0.656236619892777
596	0.657893955618501
599	0.658112467070076
602	0.658545633846454
605	0.659735562002991
608	0.659979201938662
611	0.66054106869806
614	0.661847380700389
617	0.662524564393664
620	0.663325053399742
623	0.664285558569091
626	0.664261170168064
629	0.66526564239865
632	0.665291719669579
635	0.665965629268045
638	0.666624245025291
641	0.667299909885138
644	0.668536199972698
647	0.668609211962841
650	0.668493386066251
653	0.667858047081076
656	0.668371316688083
659	0.668129558642976
662	0.668404256437113
665	0.669447688941426
668	0.669685069133767
671	0.669679987393508
674	0.668749053434271
677	0.667673087977597
680	0.667388775135903
683	0.667180662709868
686	0.668172703681638
689	0.669215090143363
692	0.670044172209146
695	0.671381079834275
698	0.671066668041589
701	0.668839860092808
704	0.666329929738574
707	0.662971808522307
710	0.660880964493876
713	0.660534065147207
716	0.663550294085737
719	0.668336470867197
722	0.672161537892
725	0.673396883670112
728	0.67223070960969
731	0.667355131029533
734	0.660734379939631
737	0.654747745244291
740	0.650749829673251
743	0.650921211244666
746	0.65538531821852
749	0.662720706886776
752	0.671983614229175
755	0.678345534527517
758	0.680765036273731
761	0.677615226581255
764	0.668589325645859
767	0.656583004057818
770	0.644683207998497
773	0.636041779701484
776	0.632451712915794
779	0.634964773686893
782	0.643812012605892
785	0.657604109603715
788	0.671959215762645
791	0.683894267200605
794	0.690669572284965
797	0.689047460370722
800	0.687425348456478
803	0.675763273758932
806	0.661922703283662
809	0.648708293459472
812	0.63926930373223
815	0.635183018733975
818	0.637130652781258
821	0.645892692101771
824	0.659789906429888
827	0.676905959483658
830	0.693579397606964
833	0.707253020258094
836	0.714697744684163
839	0.713794193433941
842	0.703266531541338
845	0.684044462539893
848	0.656475983722758
851	0.62096738181326
854	0.578510580002021
857	0.529649791750233
860	0.476513545616806
863	0.422408672123738
866	0.372560546028869
869	0.329456137527081
872	0.292863825426998
875	0.257326659793832
878	0.219683152491339
881	0.184466809127417
884	0.152059891988642
887	0.121492151548276
890	0.0920817709115641
893	0.0624930589759712
896	0.0352628672843871
899	0.0167757893831737
902	0.00737799497505194
905	0.00363697616918255
908	0.0024500905990342
911	0.00199615203769408
914	0.00218587813163589
917	0.00265107233031236
920	0.00323039114188725
923	0.00371015983285133
926	0.00388084774172031
929	0.00384092759401645
932	0.00362898993853921
935	0.00322423195501685
938	0.00260164234868095
941	0.00183692563642672
944	0.00119925069022645
947	0.000752573948173301
950	0.000512768303550124
953	0.000397789333237746
956	0.000288616680725039
959	0.000231956517337007
962	0.000223499054424579
965	0.000212597928299863
968	0.000209269018961936
971	0.000179980129135094
974	0.000212597403838804
977	0.000227055999115485
980	0.0003051966386678
983	0.000246894005831447
986	0.000247300173071485
989	0.000248947289464973
992	0.00022930525193188
995	0.000182035818853394
998	0.000156054036251954
1001	7.90472638741513E-05
1004	5.41170196120672E-05
1007	5.21129304698775E-05
1010	7.46294002481886E-05
1013	2.62043731576845E-05
1016	2.48298734570606E-05
1019	3.16489400517101E-05
1022	2.46429131196405E-05
1025	2.88880510163214E-05
1028	3.37642070272019E-05
1031	2.72219853192657E-05
1034	3.95034468878097E-05
1037	3.86510772792447E-05
1040	2.06809547767292E-05
1043	5.33875488906491E-05
1046	2.79585792852728E-05
1049	3.84249790011238E-05
1052	3.08480486585962E-05
1055	5.75283578556135E-06
1058	2.53594509859293E-05
1061	1.76196021611364E-05
1064	1.49022595657063E-05
1067	1.43139310210656E-05
1070	2.49750665713434E-05
1073	3.43143427552802E-05
1076	3.85593939284644E-05
1079	2.96658359815965E-05
1082	3.76253311425902E-06
1085	1.49129509019391E-05
1088	3.06137156166104E-05
1091	1.78551820502615E-05
1094	3.42760879219941E-05
1097	2.2567479376154E-05
1100	6.23534105004756E-06
