350	0.180489158505995
353	0.186755767946635
356	0.186568048625605
359	0.193704564506423
362	0.200646160553692
365	0.21271964328719
368	0.214030716761617
371	0.224194780749081
374	0.239655451749403
377	0.248593845729826
380	0.259377768213095
383	0.273472900359085
386	0.288875755567799
389	0.299375270195483
392	0.313549809669818
395	0.327386786874947
398	0.33797536304797
401	0.351303201276928
404	0.364002802189317
407	0.373417907428626
410	0.384767580837895
413	0.395711547336601
416	0.404758138503817
419	0.414682443924808
422	0.426016654641034
425	0.436737641160552
428	0.448862982253372
431	0.458461556987879
434	0.469816647609267
437	0.480423949980306
440	0.48929393729601
443	0.496927145613677
446	0.505492231257735
449	0.512117542336657
452	0.518692757974047
455	0.525046469870414
458	0.531195823575422
461	0.538249179929392
464	0.544652286732146
467	0.550636784340031
470	0.557952932668765
473	0.56490479748438
476	0.570724877653951
479	0.576800473713518
482	0.582154550818738
485	0.58646768144984
488	0.591489424671104
491	0.596238760501269
494	0.600616735103674
497	0.603716267455114
500	0.607071457934984
503	0.611696582219493
506	0.613992464633861
509	0.617928583322542
512	0.619576322152868
515	0.622050751376503
518	0.624672477841119
521	0.626426241035035
524	0.628131431944175
527	0.630453883484924
530	0.631108706344694
533	0.632555190697319
536	0.635648954502815
539	0.63705648941191
542	0.63715591387767
545	0.637830102709893
548	0.639352432006107
551	0.640165074495705
554	0.64104105740491
557	0.641961850993413
560	0.643645885306931
563	0.644541953341672
566	0.645120264412992
569	0.646127421388204
572	0.647227302181108
575	0.647826503518263
578	0.649689883970796
581	0.650144471832763
584	0.650624352003831
587	0.651470924562697
590	0.652131749830322
593	0.652777533256031
596	0.65438150409119
599	0.654510623416888
602	0.655201420267591
605	0.655839980894364
608	0.656561242176755
611	0.657067662085917
614	0.658165053002189
617	0.658821157617951
620	0.659268341694767
623	0.660389551443276
626	0.660862418171023
629	0.661399183733739
632	0.661731531854534
635	0.662270564364808
638	0.662898893450281
641	0.663368311369748
644	0.664315056422302
647	0.664363520864793
650	0.664869440075924
653	0.664675162692224
656	0.665084194961691
659	0.664886057194406
662	0.664698240385555
665	0.664864318592808
668	0.664976479248105
671	0.665407313767006
674	0.66496250954486
677	0.664194954201953
680	0.664472362549937
683	0.664081222991057
686	0.664669388602483
689	0.665025536595974
692	0.664764716891412
695	0.664880023271046
698	0.663808639374168
701	0.661548841758959
704	0.66002055467205
707	0.658783137187473
710	0.659087607131869
713	0.660644285446113
716	0.662589584782755
719	0.663727114049064
722	0.662147930459019
725	0.657959357787921
728	0.653786372133472
731	0.650249961116101
734	0.650320123607247
737	0.653012474464909
740	0.658285308719172
743	0.662380323502258
746	0.665275647375262
749	0.663793062406908
752	0.659608021202234
755	0.652049559082046
758	0.644832284365059
761	0.640419497253314
764	0.639717123803074
767	0.644048088662735
770	0.651257889399324
773	0.659931336683901
776	0.666068040698182
779	0.667193281836007
782	0.662996770478394
785	0.653828191222173
788	0.640923855442372
791	0.628660458050843
794	0.619780259895063
797	0.616386274201903
800	0.612992288508743
803	0.618607250121058
806	0.624613077570091
809	0.628877726556712
812	0.6307985740471
815	0.628254395064581
818	0.620775673380008
821	0.609683395786732
824	0.596098825224969
827	0.582758202879632
830	0.571858208842376
833	0.566246976621771
836	0.567162919107484
839	0.575027641545029
842	0.587955932765795
845	0.603322121492992
848	0.618779397198835
851	0.628278997189371
854	0.627160336218886
857	0.609074889843249
860	0.570597091615878
863	0.512855269162619
866	0.441354038668169
869	0.365530183397616
872	0.291965009807324
875	0.221976115423532
878	0.162984984373585
881	0.122001855743462
884	0.0933717684176051
887	0.0736036531803229
890	0.0600637230529991
893	0.049179568142864
896	0.0392012048801341
899	0.0292651714202505
902	0.0191989747125341
905	0.0104166349448757
908	0.00480189340282583
911	0.00258159128907767
914	0.00176048558969243
917	0.00168084382073365
920	0.0020119768791684
923	0.00240669681913096
926	0.00275890385110216
929	0.00292613964806948
932	0.00286835396697203
935	0.00276181434085794
938	0.00244087547503678
941	0.00200346556021958
944	0.00144263970663791
947	0.000928263260110799
950	0.000551152304144491
953	0.000370028767840892
956	0.000299651123932348
959	0.000224145856899228
962	0.000231418854391237
965	0.000171578659652787
968	0.000201009698437842
971	0.000238885640689886
974	0.00025643068254681
977	0.000258312253694341
980	0.000273514572198427
983	0.000274257624750024
986	0.000240037479977988
989	0.00024829031037066
992	0.00020876398663404
995	0.000175741066168591
998	0.000157159861442611
1001	5.35190918746987E-05
1004	7.68005437828264E-05
1007	4.61080867312294E-05
1010	1.58945286904421E-05
1013	1.9977632067488E-05
1016	3.23462725212671E-05
1019	2.56863337078214E-05
1022	4.8938150612887E-05
1025	2.62930541391226E-05
1028	3.03859373153573E-05
1031	4.25841546723836E-05
1034	2.14062327282321E-05
1037	2.44887586554863E-05
1040	2.99307903608398E-05
1043	3.04890426777381E-05
1046	1.59701157082402E-05
1049	1.15741403872835E-05
1052	2.31244564427084E-05
1055	9.8474077327533E-06
1058	2.73700012365252E-05
1061	1.79274428631195E-05
1064	2.01563392060175E-05
1067	4.13723772248913E-05
1070	2.20879014586598E-05
1073	1.07544317904106E-05
1076	1.32464315005091E-05
1079	2.74452206886495E-05
1082	2.03810296657413E-05
1085	1.62004080872518E-05
1088	2.4591214994509E-05
1091	1.79366377410288E-05
1094	2.03680987734653E-05
1097	1.23064229205735E-05
1100	2.30662309548414E-05
