350	0.163255843945662
353	0.170975187427634
356	0.182107332495519
359	0.194424472804073
362	0.209431894167189
365	0.22895983199474
368	0.244152275275717
371	0.264029296556394
374	0.293593353203115
377	0.31734623580656
380	0.343879379916527
383	0.368494069149651
386	0.395963828473662
389	0.415393518804317
392	0.442528150686136
395	0.458533664680186
398	0.477984603170141
401	0.492075407628742
404	0.505719035024513
407	0.518511866884215
410	0.529511541732981
413	0.538801098770442
416	0.546998863919833
419	0.553390751701189
422	0.559829402568788
425	0.565985309115075
428	0.57161141935057
431	0.578549448757561
434	0.590910481893887
437	0.602564083106629
440	0.616523736610809
443	0.626429665607068
446	0.638718406767295
449	0.648876400403469
452	0.66065365288873
455	0.671249234960844
458	0.680992858218874
461	0.690325855172101
464	0.700668817061332
467	0.709052737775052
470	0.720331298016487
473	0.728638557944345
476	0.736483502848578
479	0.744818894482173
482	0.752302155669957
485	0.758980364782888
488	0.767031376535873
491	0.774002485409715
494	0.779722639484154
497	0.784853917980841
500	0.790228837954428
503	0.796808488809359
506	0.80044560414636
509	0.805280922307187
512	0.807492427303142
515	0.810549628304576
518	0.813528121901538
521	0.815395432113336
524	0.81733901007672
527	0.819445317320047
530	0.819401984218788
533	0.819792162324191
536	0.822701446074279
539	0.822969077043053
542	0.823010930466119
545	0.822927252584526
548	0.823111413014928
551	0.823283016975186
554	0.823224502890597
557	0.821974965172515
560	0.82317235636003
563	0.822861739635127
566	0.821592368267247
569	0.820684177994314
572	0.821101408406022
575	0.820025443076311
578	0.821403396387362
581	0.820078743658443
584	0.818042234702704
587	0.817649227623086
590	0.816154251188178
593	0.815244164961688
596	0.815975552012859
599	0.814796320616573
602	0.813858071710299
605	0.813146493375373
608	0.812179548549903
611	0.810419316174378
614	0.808764612250933
617	0.806644365234737
620	0.804207773940243
623	0.801895705584304
626	0.799361368367306
629	0.797415593316071
632	0.79534210902921
635	0.79361032668431
638	0.792441407706566
641	0.791251378108984
644	0.790716635388477
647	0.788104983175903
650	0.786102898367247
653	0.782446436392034
656	0.778621333936728
659	0.773528241548877
662	0.768045603093942
665	0.762125194737126
668	0.756404217905007
671	0.750786862024234
674	0.745809042591672
677	0.740646966691848
680	0.737101759156114
683	0.733742661118886
686	0.731850473507408
689	0.729099724730788
692	0.726163978412667
695	0.723276814864543
698	0.719319670305712
701	0.713591862690699
704	0.708246932560911
707	0.701322898309567
710	0.69436157283977
713	0.686775745542738
716	0.680138024873504
719	0.673763553932958
722	0.667117513238576
725	0.661301608135821
728	0.657036919103389
731	0.653366949248716
734	0.65181360986617
737	0.650622231956122
740	0.650749829673251
743	0.651038500848333
746	0.651878378880128
749	0.652756459320825
752	0.654439065081168
755	0.654795622937553
758	0.655219976482452
761	0.655009234863977
764	0.653013886896369
767	0.650440842942235
770	0.647363310527591
773	0.643865893285349
776	0.639734474004231
779	0.635370276005142
782	0.630863495322674
785	0.626798283655587
788	0.621374678310119
791	0.616089173791883
794	0.610497406536351
797	0.604465696931615
800	0.598433987326878
803	0.592461708536705
806	0.585846327255737
809	0.578618196338428
812	0.571769799001698
815	0.564654006512512
818	0.556948501515555
821	0.548938093380979
824	0.540312710769484
827	0.531738124344643
830	0.522452458290884
833	0.513251149730522
836	0.503872388747565
839	0.494525528125581
842	0.484701189456353
845	0.474382316116568
848	0.463117654287349
851	0.449229616167563
854	0.430989699116659
857	0.406786254273719
860	0.375889691314183
863	0.33825878535607
866	0.296314917287964
869	0.251676303621289
872	0.207341051397371
875	0.163692386669128
878	0.124001534844571
881	0.0935173850490204
884	0.0689343432857392
887	0.0500928926290186
890	0.036302067637307
893	0.026825340918872
896	0.019754142001774
899	0.0144520267793501
902	0.0106220992174516
905	0.00781293286690878
908	0.0057059181275845
911	0.00414218118219598
914	0.00295091672308065
917	0.00216274832521829
920	0.00154833914783072
923	0.00114689543779842
926	0.000859948744688482
929	0.000676405887624574
932	0.000550921726680345
935	0.000510773162586135
938	0.000448090362785115
941	0.000438332413451488
944	0.000432091846012639
947	0.00038916641355757
950	0.000426709307467579
953	0.000427202400676339
956	0.000393190674583186
959	0.000433128227719947
962	0.000440884395210768
965	0.000431758538344369
968	0.000397831417729282
971	0.000378883855360651
974	0.000382570692887271
977	0.000356595878887986
980	0.000322191157654382
983	0.000345593645426089
986	0.000344740956566938
989	0.000312445890136139
992	0.00027859220425538
995	0.000274835199133863
998	0.000270152672359896
1001	0.000138682317519796
1004	0.000147573707091558
1007	0.00014960024884302
1010	0.000143231379504251
1013	0.000112365590560397
1016	5.15031897791461E-05
1019	5.21072114549912E-05
1022	7.76401500291844E-05
1025	6.81368030535709E-05
1028	6.35038619508972E-05
1031	4.65611479115041E-05
1034	6.31937384523919E-05
1037	2.69943858040011E-05
1040	2.88802877925015E-05
1043	2.73577826886547E-05
1046	2.34306414719886E-05
1049	4.33004620270207E-05
1052	2.04558770297769E-05
1055	1.63221840951589E-05
1058	1.73888831255987E-05
1061	1.5548087836102E-05
1064	3.19195281035167E-05
1067	1.3190974381448E-05
1070	1.05400189060215E-05
1073	8.29904645624881E-06
1076	1.52252933939676E-05
1079	2.103874219638E-05
1082	4.95408863075675E-05
1085	2.85860419181764E-05
1088	1.5646988895295E-05
1091	1.67333851155237E-05
1094	2.49288222573666E-05
1097	1.95445465584678E-05
1100	1.16447083349459E-05
