350	0.282530092486849
360	0.316756320602893
370	0.361361260240806
380	0.443632684150355
390	0.526354570820614
400	0.594572397396979
410	0.628181749277395
420	0.669702592695967
430	0.69070075506882
440	0.681829539395376
450	0.693454523492602
460	0.701215431057798
470	0.713766207053889
480	0.722254618001211
490	0.733775265415617
500	0.735553758584915
510	0.738042699786197
520	0.740579374405071
530	0.736725920678661
540	0.734978805541636
550	0.73297346637363
560	0.729834532572356
570	0.72757513774853
580	0.725466457288066
590	0.723367569827593
600	0.722593234345524
610	0.720790249664003
620	0.718577125460632
630	0.71672292022525
640	0.71585009445847
650	0.713057813422699
660	0.711168021068578
670	0.708677858542436
680	0.705948217232483
690	0.705341997083378
700	0.702257875740059
710	0.700242579540648
720	0.698231139029127
730	0.695498924515854
740	0.693254354260102
750	0.69079560683026
760	0.688955896312104
770	0.686500202275483
780	0.682336729973483
790	0.67986564828282
800	0.677394566592156
810	0.67533386414335
820	0.672553591000941
830	0.668268732680859
840	0.664093135027919
850	0.654299589030912
860	0.623194664368823
870	0.496527276503527
880	0.265121367951494
890	0.089307136642855
900	0.0213053314232936
910	0.00667435680763125
920	0.00224906217186883
