350	0.257300895237063
360	0.284299408825186
370	0.326600240673861
380	0.394842443302014
390	0.470928108268538
400	0.533756342221523
410	0.569818173325315
420	0.597411241366783
430	0.613192414453697
440	0.611017282064229
450	0.616485458898716
460	0.625579494551703
470	0.636453875656946
480	0.647417825646993
490	0.656730683649053
500	0.669587866033229
510	0.675024776589695
520	0.677523077485855
530	0.680273927012989
540	0.678794211513616
550	0.680782921130249
560	0.682924718006663
570	0.682542098599864
580	0.684731701797638
590	0.685752054102468
600	0.687205167476338
610	0.688632698813222
620	0.690125358298689
630	0.690360362556348
640	0.691565831265484
650	0.691979364677212
660	0.691088708655573
670	0.690125958248455
680	0.690494939285933
690	0.692787007288483
700	0.69208933189963
710	0.690470763341066
720	0.691402223814743
730	0.691795559199353
740	0.690579094353023
750	0.690054100080048
760	0.689759949052891
770	0.688412987331888
780	0.686929667150664
790	0.686276603289826
800	0.685623539428988
810	0.68263504191426
820	0.679200983131761
830	0.674157336910974
840	0.667631120257401
850	0.658971181604209
860	0.63584440817523
870	0.473922759254157
880	0.203867023861138
890	0.0344768109332573
900	0.006713696236969
910	0.00165247361691286
920	0.000812926405772243
