350	0.253493642031096
360	0.29794333291488
370	0.366440644308424
380	0.466641971412351
390	0.544711369334665
400	0.613803538626155
410	0.662103608841952
420	0.70265963529474
430	0.737727523288653
440	0.773766071027673
450	0.816041637205829
460	0.843253818817179
470	0.869824417669713
480	0.888315974022087
490	0.904348817563908
500	0.916336280343435
510	0.92114736399551
520	0.925363138366679
530	0.92501606268787
540	0.927513387718684
550	0.929981369304699
560	0.930024759581154
570	0.932493103095522
580	0.934938429939443
590	0.934646877536222
600	0.937749212303218
610	0.938327446215531
620	0.941057058900756
630	0.945026804175642
640	0.947187628157075
650	0.948755245393316
660	0.952720140398148
670	0.952331765934935
680	0.955001179500398
690	0.957060503253173
700	0.957944960411448
710	0.95949292536862
720	0.960352838538971
730	0.960518190689975
740	0.961464887375913
750	0.963313230603735
760	0.964121374083314
770	0.962687296051827
780	0.961474667897526
790	0.962161229416471
800	0.962847790935417
810	0.959870104669029
820	0.956685632257197
830	0.948412831800454
840	0.938875020718543
850	0.927294283141847
860	0.891031622795057
870	0.663957011737174
880	0.289380063071993
890	0.0520988414560659
900	0.00978333369810135
910	0.00231813258330582
920	0.00116589131585462
