350	0.187792828870494
360	0.183728526462428
370	0.181601668350455
380	0.206397311647538
390	0.244345839555847
400	0.293786172425903
410	0.335307136272232
420	0.387717164268925
430	0.421569580330656
440	0.441011794767913
450	0.457837366714994
460	0.465350872115723
470	0.475750494144107
480	0.485018009447639
490	0.494765641357134
500	0.50404508363823
510	0.512928731059929
520	0.520739084437774
530	0.532382320032257
540	0.538261361727371
550	0.546656274508171
560	0.553640563010871
570	0.56110804028594
580	0.568240985673833
590	0.575712727260704
600	0.583010082725472
610	0.590063278672053
620	0.598474307309346
630	0.607486989997211
640	0.617004799488773
650	0.626280869758621
660	0.63584753241323
670	0.647428528047368
680	0.659197712299596
690	0.668571157519224
700	0.67660893497436
710	0.68339943170255
720	0.688747992326998
730	0.693260668993283
740	0.697984001349452
750	0.702165007819236
760	0.706117888689128
770	0.707842107592049
780	0.710351393696052
790	0.71226769153129
800	0.714183989366528
810	0.71356789134886
820	0.713421881837528
830	0.710361667950994
840	0.704251131927725
850	0.697994143631311
860	0.673025544890266
870	0.486071509344271
880	0.197668136737848
890	0.0301616536282274
900	0.00523253389962645
910	0.00108605315457942
920	0.000554960598680035
