350	0.21559911535075
360	0.237340837653229
370	0.262201812169042
380	0.314489319393248
390	0.368815033035754
400	0.421096312603002
410	0.472558654490293
420	0.512904266768861
430	0.561770665546231
440	0.605059056076246
450	0.619581973846883
460	0.642230345688356
470	0.660668161372559
480	0.679742255393475
490	0.695845749424376
500	0.713813243434409
510	0.719468014710997
520	0.725518388235339
530	0.72756047128845
540	0.726831029235719
550	0.727125728860721
560	0.727096948486137
570	0.725946355809983
580	0.725654527490915
590	0.725417435583977
600	0.724959719071153
610	0.724460039812865
620	0.724439121493908
630	0.724412802004941
640	0.723029625730752
650	0.721544578044492
660	0.719697692992135
670	0.717153407009565
680	0.716514027240509
690	0.714198077916011
700	0.713373948931985
710	0.70971534795557
720	0.706419940538443
730	0.712427022584494
740	0.698963828479109
750	0.708007461470073
760	0.711798444520406
770	0.687736178153998
780	0.709690607254903
790	0.716006499809192
800	0.72232239236348
810	0.738196457420913
820	0.751038698634438
830	0.711356840798434
840	0.686835613705643
850	0.741788915395296
860	0.738825562261758
870	0.444749902901365
880	0.109506178985369
890	0.0106519846426947
900	0.00332460327584342
910	0.000789516294496295
920	0.000375838438467297
