350	0.236182103396589
353	0.239023409884681
356	0.245252680399637
359	0.251526657239388
362	0.266000180202342
365	0.278601500386821
368	0.287802590393814
371	0.303596912827121
374	0.322306108245226
377	0.340597303806508
380	0.35479683521207
383	0.376313170320865
386	0.395212078984347
389	0.415489805718442
392	0.433891856912875
395	0.447073856439086
398	0.467496970520343
401	0.473217340786993
404	0.487556624177583
407	0.496561480000403
410	0.512892322225266
413	0.518104476953509
416	0.52662040977248
419	0.535388946862818
422	0.539008241424131
425	0.544194601208537
428	0.549908206096138
431	0.553315698122714
434	0.552764366313925
437	0.553530331262019
440	0.557974254294326
443	0.55590568962661
446	0.559123361924145
449	0.562905497450672
452	0.565736628533916
455	0.568239929596002
458	0.573871011071818
461	0.575046659616759
464	0.57757085696135
467	0.58297737680137
470	0.585083448976614
473	0.589237456630539
476	0.595480256757768
479	0.596566263290178
482	0.600325480046137
485	0.606027472119244
488	0.609634554057316
491	0.612631520376329
494	0.615250369859266
497	0.619865699168146
500	0.621032062811219
503	0.622705762301004
506	0.627747010716021
509	0.63010005788205
512	0.631863915653089
515	0.63306489800675
518	0.635665938236308
521	0.636601377314049
524	0.637264039752981
527	0.639066731043185
530	0.637721205144397
533	0.638688909183177
536	0.640579546678352
539	0.640781480203457
542	0.638976632055773
545	0.641675142791406
548	0.641697246889399
551	0.643850103977809
554	0.643457524488084
557	0.643433833674921
560	0.644078595463017
563	0.644738866467908
566	0.644609332551274
569	0.64420258093658
572	0.644448214449307
575	0.647139458630592
578	0.647262308438581
581	0.646714922619634
584	0.64865123691852
587	0.648972227059224
590	0.651094093517107
593	0.649698128511688
596	0.650799316846721
599	0.651802296673294
602	0.651157893772715
605	0.652227862250858
608	0.652728314987366
611	0.654339333883495
614	0.65470531827563
617	0.655280915940299
620	0.655690178481942
623	0.65588590574961
626	0.656137990595279
629	0.656444418751202
632	0.656486873219458
635	0.657929035583613
638	0.658788894889131
641	0.658670397129534
644	0.659613481573527
647	0.658893261995621
650	0.660616367411809
653	0.659076652882641
656	0.661451696305359
659	0.659915785690248
662	0.660772457829528
665	0.661156310741955
668	0.661186964610311
671	0.659989088621329
674	0.660930380554105
677	0.660841873613008
680	0.661502121373803
683	0.662028776912641
686	0.662128080805233
689	0.662340813581587
692	0.66149906262416
695	0.66236997792066
698	0.662527831505893
701	0.662581409666759
704	0.662264089205746
707	0.662070725578309
710	0.662478095861404
713	0.663042814876756
716	0.662690776819699
719	0.662549086052284
722	0.663529189324664
725	0.664490991960269
728	0.662959693133964
731	0.663826954689687
734	0.663632689045759
737	0.664781082163452
740	0.665385473441466
743	0.665703010154491
746	0.665485586364211
749	0.665769941606746
752	0.665501463600691
755	0.666629577890211
758	0.666468043102812
761	0.665536433448318
764	0.66572639752476
767	0.66526299399802
770	0.665193411293116
773	0.664753348264353
776	0.665291776703374
779	0.665351225895695
782	0.666233391858793
785	0.665495135811295
788	0.665878281794906
791	0.666634586728997
794	0.665883011470206
797	0.665537879177873
800	0.665192746885539
803	0.665282461161541
806	0.664437184901499
809	0.663948751580481
812	0.66383144345698
815	0.663721482451065
818	0.663427568605188
821	0.663087061986805
824	0.662134475488329
827	0.661111030774717
830	0.660350477520978
833	0.659011236098663
836	0.657906399277826
839	0.656350067188259
842	0.655045743887611
845	0.65387783937816
848	0.65238146514147
851	0.650944082931251
854	0.648622848492115
857	0.643843095335566
860	0.63152056466101
863	0.60458439433135
866	0.558341364173348
869	0.493159636094213
872	0.419571930963113
875	0.339415525450576
878	0.257269569828019
881	0.183988145401436
884	0.119101350280276
887	0.0693808010173155
890	0.038487213692594
893	0.0226268717738049
896	0.0133042462405247
899	0.0075639121434469
902	0.00469004514153168
905	0.00305873396161296
908	0.00217566147313614
911	0.00160588937915009
914	0.00128232851648135
917	0.00103669327094743
920	0.000786279620380996
923	0.000667205286958999
926	0.00055688560046245
929	0.000464999294128631
932	0.000414546064830854
935	0.000391587968452802
938	0.000338844396018966
941	0.000300916829150951
944	0.000267235329169186
947	0.000241452910521833
950	0.000224959650736058
953	0.000241549115259739
956	0.000203551416301259
959	0.000190942739501817
962	0.000180647849384455
965	0.00017854487752011
968	0.000166355128450211
971	0.000161431461427902
974	0.000159422538336579
977	0.00013293011523351
980	0.000136907038040587
983	0.00014690688034025
986	0.000135774638830966
989	0.000132588788408031
992	0.000136962955958634
995	0.000107706858834648
998	0.000111291056259391
1001	2.58020191272605E-05
