350	0.229384675763794
353	0.23410849427692
356	0.241415734986218
359	0.24917057986662
362	0.260924267633937
365	0.2747957654002
368	0.282138310513266
371	0.297828655691539
374	0.316846600623289
377	0.332950714162782
380	0.349019957497342
383	0.368172408779791
386	0.386920222773137
389	0.406004782599904
392	0.424385182658963
395	0.437796628312338
398	0.456958516355593
401	0.462822585260846
404	0.476965113372824
407	0.485283635043471
410	0.500646766353345
413	0.50513313768068
416	0.513638700955278
419	0.521990292794016
422	0.525086376823406
425	0.531135241890903
428	0.537498961961076
431	0.540783329504156
434	0.539523613442536
437	0.540988803531533
440	0.545256866060905
443	0.544014658832458
446	0.546823945075455
449	0.549970888940495
452	0.552020317146876
455	0.555362632576964
458	0.561216962939763
461	0.562814648389051
464	0.565122267314057
467	0.570926711463086
470	0.572926113098638
473	0.576869807221246
476	0.582070362137808
479	0.584103478895251
482	0.588016003964217
485	0.593624165563372
488	0.597296066029052
491	0.600321940178949
494	0.603845480836314
497	0.607611548131775
500	0.609169847880204
503	0.611352015819616
506	0.615544138492866
509	0.617621868082877
512	0.619911678278077
515	0.621175734331053
518	0.624025686549133
521	0.625169033791653
524	0.625515077121972
527	0.627391415632056
530	0.626515776080614
533	0.627886625080905
536	0.629973918063593
539	0.63002624180981
542	0.628401652945471
545	0.631250855205212
548	0.631219223789905
551	0.633835767716414
554	0.633470376764382
557	0.634090512333548
560	0.634552387333122
563	0.635598522262884
566	0.634909367088127
569	0.635270883231058
572	0.635160378944959
575	0.638094441147721
578	0.638281190947294
581	0.638157211607855
584	0.639958318338327
587	0.640484538286561
590	0.642615274073516
593	0.641506823064554
596	0.642826883505856
599	0.64422596206594
602	0.643649162375504
605	0.644573357456424
608	0.645608396303392
611	0.64717404746251
614	0.647766349426535
617	0.648447821484235
620	0.648892325646642
623	0.649006555851246
626	0.649877354471728
629	0.650134657513619
632	0.650311300108677
635	0.651726849756142
638	0.652631689435264
641	0.652789921190872
644	0.653775649037916
647	0.652859818369746
650	0.654722793195519
653	0.653386943318537
656	0.6559331813719
659	0.654634976860964
662	0.655675057392072
665	0.656011498645151
668	0.656240575739552
671	0.655168823328681
674	0.656088418888805
677	0.656337736879662
680	0.656872900989975
683	0.657606214607385
686	0.657771090735819
689	0.657839147788505
692	0.657140563979524
695	0.658134251485303
698	0.658381788989757
701	0.658013770888385
704	0.658076234296915
707	0.658008648032343
710	0.658504384915324
713	0.659084694444838
716	0.659009062726555
719	0.658997280358027
722	0.659916038412874
725	0.66081462034409
728	0.659608656252251
731	0.660338264148339
734	0.66027557799183
737	0.661511908987002
740	0.662167873738741
743	0.66230557189861
746	0.662339041463126
749	0.66263908707294
752	0.662388213048632
755	0.663806990903146
758	0.663578744329349
761	0.663079248383071
764	0.663082787171954
767	0.662888677046386
770	0.662897010428333
773	0.662472499881181
776	0.662952364047182
779	0.66284325837703
782	0.663839060424616
785	0.662922679086338
788	0.663858334505449
791	0.665041214344598
794	0.664158265805635
797	0.663757151977066
800	0.663356038148496
803	0.663388547835466
806	0.662729696098957
809	0.662307872654296
812	0.661966924918477
815	0.661929977905652
818	0.661649436922854
821	0.66154465772907
824	0.660666601970792
827	0.659714607752235
830	0.658819445923524
833	0.657450605582533
836	0.656173900862791
839	0.654597831074275
842	0.653187320358041
845	0.651868284887872
848	0.650645549117623
851	0.648930293740995
854	0.646571152579532
857	0.642045711698581
860	0.630398870158042
863	0.604256542724036
866	0.558856958662463
869	0.494832911790788
872	0.421432147450928
875	0.341226495297452
878	0.258906603194471
881	0.185333001968674
884	0.120361078294563
887	0.0700560493104855
890	0.0389018884315478
893	0.0227619689004878
896	0.0134592884698887
899	0.00768618453154396
902	0.00469818155142618
905	0.00311005457190187
908	0.00219041317818553
911	0.0015974278867366
914	0.0012568623873868
917	0.000983688746944168
920	0.000844346118149319
923	0.000671057079898726
926	0.000564304256687687
929	0.000472295217661855
932	0.000427074039305012
935	0.000350882050414858
938	0.000325037302250455
941	0.00034328771082701
944	0.000272813255392063
947	0.000250562794807493
950	0.000236847715987569
953	0.000223124287143609
956	0.000199767893106328
959	0.00019653308356803
962	0.000165782910589385
965	0.000162504276588628
968	0.00017590776108298
971	0.00018887002548871
974	0.000141816123128927
977	0.000146007471368697
980	0.000139776866339126
983	0.000153276090787069
986	0.000113721578528153
989	0.000128147889746611
992	0.000128505756275926
995	8.52855600811826E-05
998	8.04479491979734E-05
1001	5.26776696371177E-05
