350	0.211491686695475
353	0.217780761647503
356	0.219584941074424
359	0.227554971851303
362	0.239108587648407
365	0.255991595447664
368	0.26161775860828
371	0.273613646673912
374	0.288983314078914
377	0.310069076418166
380	0.321936162358917
383	0.339159288195123
386	0.359156985567601
389	0.376451436013938
392	0.395651648163526
395	0.40505164478359
398	0.421649234085167
401	0.431068689550272
404	0.44573193402738
407	0.453303671084459
410	0.467213324311115
413	0.473119971292277
416	0.482239988612174
419	0.488210273541182
422	0.493714648550148
425	0.499398296019472
428	0.502936449951439
431	0.507587346354747
434	0.508370526832815
437	0.507255673112225
440	0.512777653954963
443	0.512217356974925
446	0.51469300830193
449	0.517967399923608
452	0.52097691135252
455	0.523418863132264
458	0.528939211919895
461	0.530704968922808
464	0.53271056351712
467	0.53897460564586
470	0.541828518524831
473	0.545898061800456
476	0.550581434298325
479	0.551763252753105
482	0.556538108747016
485	0.561685280551848
488	0.565210729924818
491	0.567892412799605
494	0.571479239835083
497	0.575486164659816
500	0.577500376410254
503	0.579317771468197
506	0.583985594770298
509	0.586223071697403
512	0.588458800754792
515	0.589695260973349
518	0.592709558462415
521	0.593007444889859
524	0.59407718363896
527	0.596257241202377
530	0.595250520303171
533	0.596362285402845
536	0.599613843544792
539	0.601164541473997
542	0.599043250727157
545	0.601978401555384
548	0.60221704469493
551	0.604115052734782
554	0.60414675543818
557	0.604853960454087
560	0.605221766904053
563	0.606434863353257
566	0.607181292094921
569	0.606485444596573
572	0.606921358205969
575	0.609797763077213
578	0.610392593489433
581	0.610617049880452
584	0.61243214945551
587	0.613106811179072
590	0.615445342370998
593	0.614707803387726
596	0.616028904755901
599	0.617280767756733
602	0.616714621385616
605	0.618635575976454
608	0.619472639465356
611	0.621379807217431
614	0.621775498525437
617	0.622310412963208
620	0.62315286774706
623	0.623784858140445
626	0.624060919353814
629	0.624860224972828
632	0.625132312893289
635	0.626735239136516
638	0.627967722880885
641	0.627852897077652
644	0.628865434344474
647	0.62829189050726
650	0.630933164402219
653	0.629187930368898
656	0.631765187527604
659	0.630783198094514
662	0.631336118366382
665	0.632179464165273
668	0.632434027010343
671	0.631564017638839
674	0.632662582767174
677	0.632851452661576
680	0.633618425190929
683	0.63434667323687
686	0.634799106005888
689	0.635185043403953
692	0.634804863870315
695	0.635905608614827
698	0.635833297277649
701	0.634924417202396
704	0.634644387277646
707	0.6350165742087
710	0.635862566840411
713	0.636509573775573
716	0.636806813288596
719	0.636615008083318
722	0.637080924650364
725	0.638606125939398
728	0.637357108098729
731	0.638420826261382
734	0.638606370226194
737	0.639627081298016
740	0.640847820731246
743	0.640713128088212
746	0.640941711353334
749	0.64155256985043
752	0.641229159283145
755	0.642871464826776
758	0.643090214342964
761	0.642111154645587
764	0.642059501826951
767	0.642144414849749
770	0.642266187098496
773	0.642230187952725
776	0.643088013534945
779	0.643623708918191
782	0.644441711951583
785	0.643207981694359
788	0.643697067850728
791	0.645794579381507
794	0.645149062613226
797	0.645460986323779
800	0.645772910034332
803	0.645880585124865
806	0.645393522621608
809	0.644792218898281
812	0.644458013890218
815	0.644488935845508
818	0.644076377159952
821	0.643964292438652
824	0.642677007020267
827	0.641560974616099
830	0.640834166793006
833	0.6396444642418
836	0.638697914677144
839	0.637609734720117
842	0.636048969566691
845	0.634551228186066
848	0.632996853098577
851	0.631066193666598
854	0.628479765333433
857	0.623742963191861
860	0.613071389953712
863	0.589333159852504
866	0.547786041865886
869	0.487714121903297
872	0.416999858926526
875	0.339231253749623
878	0.259152744019595
881	0.187925819510418
884	0.123037990086991
887	0.0717193621496942
890	0.0389358294703032
893	0.0223742438186341
896	0.0132775064818483
899	0.00779618998346723
902	0.00488442474427001
905	0.00310121952230225
908	0.00206469788519342
911	0.00154446193449256
914	0.00121530718738602
917	0.00104962888795617
920	0.000807753481782186
923	0.000600012093249834
926	0.000556180509629089
929	0.000491572501221267
932	0.000391555342959711
935	0.000385775426291867
938	0.000398035817160211
941	0.000246897819436321
944	0.000314481055319984
947	0.000233883504000694
950	0.000208784593731961
953	0.000267664445797215
956	0.000183183601504098
959	0.000239449161773043
962	0.00014251212056335
965	0.00016148932567736
968	0.000157497020458809
971	7.44316525006104E-05
974	0.000148733874850903
977	8.08224322723684E-05
980	8.46690075631236E-05
983	0.000150813898085718
986	0.000159878870322107
989	0.000118255932782159
992	0.000120117009227478
995	7.30048916362042E-05
998	5.33368553715108E-05
1001	6.55541524434796E-05
