350	0.20864914720439
353	0.209410511430651
356	0.216103378376025
359	0.222760083214411
362	0.233016793765761
365	0.246241903317465
368	0.254862995802433
371	0.268814521739878
374	0.285435232986634
377	0.300052471616602
380	0.314320929724839
383	0.332560638393131
386	0.348860579958796
389	0.365611022957101
392	0.381484244281615
395	0.394098183048199
398	0.409098607133295
401	0.416792820379011
404	0.428243337177695
407	0.436426008520617
410	0.45031850656498
413	0.4543749549909
416	0.461668302905204
419	0.468319258339707
422	0.472199588342351
425	0.476637862651267
428	0.481504553712849
431	0.485605508396269
434	0.485660964544194
437	0.485951170250383
440	0.49064921371729
443	0.489169146880569
446	0.492100910481421
449	0.495282740609703
452	0.498087889601805
455	0.501141942835652
458	0.50647240977274
461	0.508223860006361
464	0.510877575456902
467	0.515874402198253
470	0.51810616709746
473	0.522024258619061
476	0.52776605960828
479	0.529126507307519
482	0.53290215243627
485	0.538035033519094
488	0.541193474519535
491	0.544221131180478
494	0.546876137853648
497	0.551122273834682
500	0.552584487874137
503	0.554556256811441
506	0.559040301841394
509	0.560798621771846
512	0.562953258686322
515	0.564690208847698
518	0.567077164928346
521	0.568112631770725
524	0.568854368728933
527	0.57101227112467
530	0.570287203706155
533	0.572007202342518
536	0.575486855399022
539	0.576102094181135
542	0.574899934443732
545	0.577417490317395
548	0.577846149847937
551	0.580116262560087
554	0.580133238964024
557	0.580623763778612
560	0.581580602364584
563	0.582537422931473
566	0.582629829770558
569	0.582694512600719
572	0.583408727969711
575	0.586105821179802
578	0.586604931503556
581	0.586971705638682
584	0.588768843518475
587	0.589235813304557
590	0.5916817232212
593	0.590690162880178
596	0.592189086182654
599	0.593508457424969
602	0.592963216902871
605	0.59468090545272
608	0.595346408985023
611	0.596940328080425
614	0.597769120352322
617	0.598559810756882
620	0.599378688030527
623	0.599669905898073
626	0.600230185626678
629	0.600610493964403
632	0.600902883270885
635	0.602655669660037
638	0.603704864759721
641	0.603533227784659
644	0.604606909436497
647	0.603904291614127
650	0.605806051379209
653	0.604519935518634
656	0.607163731166944
659	0.605781845251961
662	0.606674968827144
665	0.606882514501992
668	0.607239384844258
671	0.606541005907613
674	0.607526940598736
677	0.607827554522036
680	0.608605131632656
683	0.609181946911466
686	0.609630503578916
689	0.609829939543552
692	0.609478881626339
695	0.610382680567255
698	0.610593996515333
701	0.609461490326919
704	0.609515743503596
707	0.609485036440856
710	0.610304502171627
713	0.610818682187668
716	0.610848721285818
719	0.610866356405511
722	0.611935737969766
725	0.613056405287345
728	0.612128790613431
731	0.612898593702912
734	0.613080805148848
737	0.614278688442567
740	0.614989960361292
743	0.615408804881837
746	0.615614293051231
749	0.615831689771404
752	0.615841810669996
755	0.617381059839605
758	0.617234869432132
761	0.617129630006356
764	0.617030090046258
767	0.616985215981456
770	0.617041686218779
773	0.616595435472292
776	0.617314020897094
779	0.617691358712504
782	0.618582765085233
785	0.617954906997147
788	0.618469321563734
791	0.619459233716142
794	0.619044940273089
797	0.618910496539011
800	0.618776052804932
803	0.618830627192287
806	0.618099182920435
809	0.617567850656006
812	0.61741733577209
815	0.617293994487622
818	0.616982548671878
821	0.616758787476456
824	0.615631670501923
827	0.614582437612988
830	0.613719821844264
833	0.612277232949082
836	0.611097045260235
839	0.609856658475501
842	0.608551588150468
845	0.607404533110916
848	0.605890841485208
851	0.60437743000966
854	0.601875458693865
857	0.596729071552575
860	0.584886697400362
863	0.560150486815841
866	0.518333591881945
869	0.460006740671878
872	0.392943231448191
875	0.319209952965881
878	0.242729497607898
881	0.175437600752207
884	0.115160177645358
887	0.0678105031247277
890	0.0376030127051151
893	0.0216429635573359
896	0.0123731342962862
899	0.00714275381229788
902	0.00436428035494535
905	0.00282158139155936
908	0.00204277451022025
911	0.00150428619341818
914	0.00113527705200704
917	0.000900915976811245
920	0.000743823286212311
923	0.000601492086619904
926	0.000522784734912285
929	0.00044932932633192
932	0.000403081907013498
935	0.000349194056649114
938	0.000302570623528744
941	0.000272645889137619
944	0.000234798252237217
947	0.000235606870786295
950	0.000208452394077235
953	0.000201320723311476
956	0.00019649704099373
959	0.000195519813171278
962	0.000176792596153407
965	0.000165068330334605
968	0.000144188157254628
971	0.000146269873415198
974	0.000146485912208033
977	0.000130884286001892
980	0.000140942399826543
983	0.000120360440552327
986	0.000121275503249878
989	0.000116523460708674
992	0.000103535610561331
995	0.000111038087014865
998	0.000110690906049621
1001	1.96089287382123E-05
