350	0.209099438969863
353	0.209917960509634
356	0.216043982936189
359	0.223334624126615
362	0.233199355412086
365	0.248554554994642
368	0.255837420187825
371	0.269959456886523
374	0.284595417128414
377	0.300411281354341
380	0.316346833348731
383	0.33424595052
386	0.349676424722151
389	0.366837044606561
392	0.383569456466435
395	0.396352394805961
398	0.411857246044066
401	0.419637495336646
404	0.430904645393951
407	0.439225917324072
410	0.453269288093211
413	0.458290030968643
416	0.464744505459203
419	0.472076485478773
422	0.476337215996284
425	0.480168662572459
428	0.484819559246156
431	0.489103159334501
434	0.488895135913615
437	0.489158015590394
440	0.493787000683379
443	0.492049623852323
446	0.494661446500597
449	0.49812920477707
452	0.500544310343264
455	0.503369447994075
458	0.508710786332476
461	0.510248373130062
464	0.512627350418715
467	0.517837903344086
470	0.519811614342746
473	0.523924660862356
476	0.529194851082114
479	0.530608591065627
482	0.534412441583107
485	0.5398666203505
488	0.543171319665581
491	0.545906249003826
494	0.54860809805116
497	0.552873566167954
500	0.554116363312248
503	0.556367039094292
506	0.56096275846746
509	0.562586134438755
512	0.564555525306131
515	0.566643838283037
518	0.568826182659208
521	0.56976855138324
524	0.570316418049626
527	0.572190326772758
530	0.571537730009313
533	0.572890744740969
536	0.576643238918592
539	0.577088120365757
542	0.575817384513054
545	0.578321866890515
548	0.578454367647927
551	0.5804395242119
554	0.580541635339342
557	0.580846893467479
560	0.581889540466865
563	0.582929034602696
566	0.58284406434556
569	0.582821461489685
572	0.583492955459642
575	0.585939626053374
578	0.586604931503556
581	0.586890049714108
584	0.588406779239746
587	0.588996794105169
590	0.59116674790233
593	0.59006322276019
596	0.591644269254603
599	0.592774008553338
602	0.592119629489317
605	0.593690547987664
608	0.594513210111809
611	0.596374064826846
614	0.597018748975986
617	0.597962326105269
620	0.598524185388115
623	0.599004462582086
626	0.599604585421882
629	0.600317392399965
632	0.600391700934711
635	0.601889004202459
638	0.603085247732412
641	0.603170122668447
644	0.604352925319408
647	0.603904291614127
650	0.605987263811692
653	0.604772173771144
656	0.607308218672398
659	0.606033455829562
662	0.607141722374807
665	0.607454243547995
668	0.607986417925071
671	0.607143817804658
674	0.608274327434043
677	0.608649964308401
680	0.609609847810905
683	0.610152256779666
686	0.610890783722045
689	0.611126056741695
692	0.610776080824265
695	0.611831285342064
698	0.612230752814014
701	0.610756509445556
704	0.611068679757079
707	0.611008410588875
710	0.611981305732288
713	0.612504918348373
716	0.612542093560622
719	0.612679499679316
722	0.613574741345536
725	0.614897344637198
728	0.613936171250152
731	0.614642541356702
734	0.614759360675812
737	0.615932230266333
740	0.616811749379434
743	0.617243863722866
746	0.617502219991882
749	0.617813095985525
752	0.617717797356515
755	0.619276599976858
758	0.619023523556277
761	0.618604284587631
764	0.618765067613975
767	0.618610024491405
770	0.618670712003866
773	0.618420462134342
776	0.619037164435614
779	0.619269443822354
782	0.620259048155019
785	0.619776129989905
788	0.620409534091765
791	0.62173022802175
794	0.621130444538392
797	0.620894080651635
800	0.620657716764878
803	0.620568760035881
806	0.620052977805821
809	0.619436497208971
812	0.619261249529275
815	0.61917041285171
818	0.618776885405854
821	0.618473248520149
824	0.617535416895577
827	0.616667331552237
830	0.615669887782499
833	0.614446240166047
836	0.613229212405361
839	0.611954205036584
842	0.610516806731891
845	0.609286470807155
848	0.607925140441048
851	0.60637237341975
854	0.604185432490347
857	0.599639432358193
860	0.588909323718224
863	0.565518800423723
866	0.524452921935088
869	0.466278447608874
872	0.398700292540636
875	0.3245376902478
878	0.248150484937766
881	0.179762559810736
884	0.117907543957363
887	0.0693668403135828
890	0.0383072858819066
893	0.0223486991987698
896	0.0131321390888695
899	0.0076893753277924
902	0.00462671713906196
905	0.00293725028820064
908	0.00209747454662008
911	0.00154943661919364
914	0.00120495620471737
917	0.000961298215940678
920	0.000758508121548018
923	0.00062393614030168
926	0.000534787098426542
929	0.000461111548293685
932	0.000405738451242932
935	0.000350988431268057
938	0.00030856814920781
941	0.000280753027455559
944	0.000256568205867947
947	0.000235686525335789
950	0.000206471095870919
953	0.000195360148905328
956	0.000190889348206268
959	0.000195108788002419
962	0.000164345377904431
965	0.000174330156628098
968	0.000156427025191607
971	0.000158392123180669
974	0.000144893539391051
977	0.000130688031664985
980	0.00014657933690465
983	0.000117892326033511
986	0.00011505816113211
989	0.000118325799260362
992	0.000119651310751298
995	0.000107745603786411
998	9.51318231335988E-05
1001	3.33684258518872E-05
