350	0.223246977926924
353	0.218352040799314
356	0.224393001929164
359	0.231636510491603
362	0.243559947216225
365	0.255071876159231
368	0.264565957088461
371	0.275704815319172
374	0.292489827104386
377	0.31080607295583
380	0.325162251820263
383	0.344108125126042
386	0.3596666747489
389	0.379968196568702
392	0.396540680153501
395	0.40866400821558
398	0.428793650710647
401	0.435464768755049
404	0.445781523621471
407	0.457777268390537
410	0.471191442737358
413	0.476109280206691
416	0.483081085388921
419	0.491171477981293
422	0.495513354663747
425	0.500289621732477
428	0.506055969278048
431	0.511555225289206
434	0.508908298917552
437	0.510462518452236
440	0.515365924145534
443	0.51410252039351
446	0.517455691901567
449	0.519271185786897
452	0.523108789163739
455	0.525511820999238
458	0.531479047258241
461	0.532935746654147
464	0.535813119693452
467	0.541052752006622
470	0.544200909132222
473	0.54718805003206
476	0.55350622011695
479	0.554426482385169
482	0.558900602982177
485	0.564768923429153
488	0.568413206219881
491	0.570832378270369
494	0.573450393378744
497	0.578053747689308
500	0.58039510917287
503	0.581649781060611
506	0.586630390836846
509	0.588097810068333
512	0.590974935012546
515	0.5922072374672
518	0.594950272527837
521	0.595518213395709
524	0.596949809382914
527	0.598561805852146
530	0.597800880574125
533	0.599062341543565
536	0.60207735155321
539	0.602645132733382
542	0.60145737982789
545	0.603977812456001
548	0.604087804928123
551	0.606745667015102
554	0.606552390963659
557	0.606596809578471
560	0.607780218373836
563	0.609133241209049
566	0.609026589904818
569	0.6088983612414
572	0.60918058514945
575	0.611872156697142
578	0.612935035866779
581	0.61276732256088
584	0.614484691007649
587	0.615418444415108
590	0.617782665834386
593	0.61662724260174
596	0.618478949743723
599	0.619446013823097
602	0.619013196233404
605	0.621187343799724
608	0.621444040421806
611	0.623491431361363
614	0.624213025669321
617	0.624401217707385
620	0.625270040201093
623	0.626189140517551
626	0.626491492001336
629	0.62698809617292
632	0.627580163540576
635	0.628632009265593
638	0.629498047055608
641	0.629885372256452
644	0.630605301589684
647	0.630278539909124
650	0.632451861064413
653	0.630952087727771
656	0.633856852200807
659	0.632759169786271
662	0.633310787004315
665	0.633680346575687
668	0.634355715504942
671	0.633442323019644
674	0.634513503810856
677	0.634460287120591
680	0.635771603457574
683	0.636000798995092
686	0.636671026002782
689	0.637417748787234
692	0.636425418488575
695	0.637824934018767
698	0.637906318535716
701	0.636614654735807
704	0.637208132842878
707	0.637264748937379
710	0.637940793962105
713	0.638488633991532
716	0.638537249799237
719	0.638687282659412
722	0.639986288594353
725	0.640931688639467
728	0.639503224555962
731	0.640620442864384
734	0.640818575198576
737	0.641627463601889
740	0.642631401769088
743	0.642978086925466
746	0.643420182500847
749	0.643415124936775
752	0.643145327746082
755	0.645008916824473
758	0.644675108535902
761	0.644322707089841
764	0.64416607469
767	0.643852210891119
770	0.644562587963279
773	0.643557638232176
776	0.644976413596639
779	0.645039743352782
782	0.645799141377041
785	0.644910501456504
788	0.645717015140185
791	0.64750826934501
794	0.646913331947341
797	0.646917481975154
800	0.646921632002967
803	0.647060338854918
806	0.646484203473348
809	0.645969063335546
812	0.646006295767936
815	0.645827601199558
818	0.645154544016064
821	0.645006234142637
824	0.644118799576494
827	0.643121634686163
830	0.642139070793297
833	0.640958913205591
836	0.639820907709702
839	0.638498339695252
842	0.637095015454669
845	0.635703118700857
848	0.633876565885677
851	0.632270497860484
854	0.629863372670712
857	0.625513611621679
860	0.614753914131935
863	0.590787097435657
866	0.548401043198248
869	0.487474963180756
872	0.416273194251803
875	0.338088332803916
878	0.257687450296103
881	0.186221277481845
884	0.121491025536973
887	0.0709300677800945
890	0.0387978419781954
893	0.0225912891297541
896	0.0133886843397946
899	0.00797664716727576
902	0.00489322707116506
905	0.00308363174115095
908	0.0021438985996223
911	0.00155513103208959
914	0.00124413335146421
917	0.000924870074091419
920	0.000769426892574852
923	0.000652678155145097
926	0.000507601547409192
929	0.000475545549619954
932	0.000369285882658783
935	0.000376930108464107
938	0.000313453299880112
941	0.00027600526826737
944	0.000311343317651253
947	0.00029100561719991
950	0.000234976854165427
953	0.000231958058360734
956	0.000243909466500285
959	0.000165779492223891
962	0.000149619957250776
965	0.000171280362449479
968	0.00011926668990631
971	0.000155574308870309
974	0.000150022281265393
977	0.000188578738878161
980	0.000102374279154076
983	0.000125083323244045
986	0.000155735634549352
989	0.000140253457385974
992	0.000142721537723511
995	0.000126126243492418
998	9.14547080208988E-05
1001	5.97682720161058E-05
