350	0.208059230085282
353	0.210203068168266
356	0.21560148690941
359	0.221581584895297
362	0.232991462245457
365	0.245420665767721
368	0.25326076481862
371	0.267009217547361
374	0.283230011815301
377	0.298220336978093
380	0.311544831282779
383	0.329798916628642
386	0.34471465185319
389	0.361803589719882
392	0.377282950745656
395	0.389416172135542
398	0.405071484871673
401	0.411491755363401
404	0.424354686507668
407	0.431158582321939
410	0.44419572862902
413	0.449445775397983
416	0.456316782775861
419	0.462473267638586
422	0.466803470001554
425	0.47091325137839
428	0.47559591428222
431	0.479748792285952
434	0.479848502712437
437	0.480796196392957
440	0.485089396929694
443	0.484139847270847
446	0.486931407251917
449	0.49016679825484
452	0.493176991489727
455	0.496507536130208
458	0.501739326434331
461	0.503554306620015
464	0.506542337014812
467	0.511832754691657
470	0.513917949341031
473	0.518009959576658
476	0.523586333221124
479	0.525253874723175
482	0.529259285451284
485	0.534724969311637
488	0.538336001838497
491	0.541189974120189
494	0.544159853205489
497	0.54855469080519
500	0.55000160543381
503	0.552499661155438
506	0.55696530931254
509	0.558982852890958
512	0.561496107531331
515	0.563462313534534
518	0.566093772259225
521	0.567364218847072
524	0.56827940551293
527	0.570449553568063
530	0.569987161321337
533	0.571516002197925
536	0.57473315055263
539	0.57555890032287
542	0.574416906095976
545	0.577274746553647
548	0.577565584862781
551	0.580024316880679
554	0.579997106838917
557	0.580444697515698
560	0.581492730748666
563	0.582450702398218
566	0.582629829770558
569	0.582440614822786
572	0.583242027729221
575	0.58581519724144
578	0.586400228768167
581	0.586646783105484
584	0.588406779239746
587	0.589036909215556
590	0.591325393524756
593	0.59006322276019
596	0.591800047747504
599	0.59319878913693
602	0.592502859200046
605	0.594185726720192
608	0.594930206688013
611	0.596563082868194
614	0.597319212147642
617	0.598074305535388
620	0.598710353238194
623	0.599115369801417
626	0.599861776617187
629	0.600134300084122
632	0.600135726571469
635	0.601816316359675
638	0.603012666206401
641	0.602843556431853
644	0.60377347652533
647	0.60318221805197
650	0.604938657978535
653	0.603727726156709
656	0.606153831586935
659	0.604955447636308
662	0.605956770626386
665	0.606310785455988
668	0.60659907077499
671	0.605726355057845
674	0.606601106756797
677	0.607077114963101
680	0.607708036737919
683	0.608247071824777
686	0.608802146888076
689	0.608965106098405
692	0.608290474906281
695	0.609369112760981
698	0.609720703895581
701	0.608670299263756
704	0.608794169515508
707	0.608868993974608
710	0.609538356632283
713	0.610122360418481
716	0.610185425898651
719	0.610163443351995
722	0.611265449649266
725	0.612343631333941
728	0.611413418461021
731	0.612330001558608
734	0.612432745102689
737	0.6137011587129
740	0.61444773221533
743	0.614784016887323
746	0.615024573626781
749	0.615237434132521
752	0.615083379640105
755	0.616695079004571
758	0.616584372245897
761	0.616269915832881
764	0.616327610362076
767	0.616318695071192
770	0.616373435318768
773	0.615931710332566
776	0.616574670098099
779	0.617084729221352
782	0.61790488725871
785	0.61716299873138
788	0.617875463705197
791	0.618782447333676
794	0.618162805606032
797	0.617939499438094
800	0.617716193270156
803	0.61771822833667
806	0.617119418411971
809	0.616713429959811
812	0.616511041458492
815	0.616507743900549
818	0.616201354011463
821	0.615927715146166
824	0.61496901561204
827	0.613976471942267
830	0.613064801936832
833	0.611725276414234
836	0.610447595503347
839	0.609116378878353
842	0.607865090802781
845	0.606533307516163
848	0.605168558388006
851	0.603703699034218
854	0.601253927986286
857	0.596371704777698
860	0.584661741474695
863	0.559653452505088
866	0.517268608716938
869	0.45821661474857
872	0.390661985846946
875	0.316470296257761
878	0.240390650483285
881	0.172551439689576
884	0.112385511062324
887	0.0658243833608963
890	0.0365691871989213
893	0.0211962259330987
896	0.0121651466354859
899	0.00699055171482362
902	0.00424832014667952
905	0.00279175033839543
908	0.002008069700452
911	0.00148662930540858
914	0.00115316146486646
917	0.000904142869648639
920	0.00072722968694045
923	0.000596330622870887
926	0.000487674511220168
929	0.000432914366737298
932	0.000383285469261987
935	0.000345308893320638
938	0.000323894720585908
941	0.000271302173074036
944	0.000253036398590768
947	0.00022646833071424
950	0.000219362551156278
953	0.000197699806241838
956	0.000192563113424906
959	0.000192401256712933
962	0.000186932939404292
965	0.000170373600846318
968	0.000148918564002076
971	0.000147293606241699
974	0.000141762612147599
977	0.000141668402387547
980	0.000125787420108835
983	0.000124467364398366
986	0.000115744115506571
989	0.00010319297675835
992	0.000105359558454777
995	0.000108356847024288
998	9.11616884244992E-05
1001	4.9878057134885E-05
