-0.1000542640686	6.10903015579227E-07	
-0.092291593551636	1.45986789173347E-07	
-0.084595870971679	2.89037935213199E-07	
-0.0769093036651612	2.46122592111785E-07	
-0.0692280292510986	1.67444459302967E-07	
-0.0615463256835936	1.00881936853311E-08	
-0.0538960933685302	6.73086521012731E-08	
-0.0462510108947754	1.38834224410657E-07	
-0.0385836124420166	1.67444455039713E-07	
-0.0309333801269532	3.67716069443105E-07	
-0.0232775688171388	4.75004432880979E-07	
-0.0155975818634034	4.46394207936265E-07	
-0.00790915489196783	4.53546764172443E-07	
-0.000249195098877034	4.89309551037677E-07	
0.00740346908569337	4.89309551037677E-07	
0.015044116973877	5.96597908791209E-07	
0.0226791858673096	5.60835119083803E-07	
0.0303035259246826	4.96462104431683E-07	
0.0379706382751466	4.46394199409751E-07	
0.0456449031829834	3.89173732467297E-07	
0.0533226013183594	3.03343046264471E-07	
0.0609972953796388	3.67716060916591E-07	
0.0686884403228762	4.96462098747343E-07	
0.0763359546661378	5.25072329376399E-07	
0.0840024948120118	5.82292796318853E-07	
0.0916518688201908	6.18055583184087E-07	
0.0993209838867194	6.03750470711729E-07	
0.106995248794557	4.53546761330271E-07	
0.114679527282716	3.46258400734568E-07	
0.12234435081482	2.67580265083578E-07	
0.130034923553468	1.7459701909186E-07	
0.137709617614746	1.24529116912099E-07	
0.145358562469482	1.96054690642566E-07	
0.153021669387818	3.31953287551668E-07	
0.160697793960572	3.74868636337422E-07	
0.16833815574646	4.89309556722017E-07	
0.175968647003174	5.60835127610315E-07	
0.183651065826416	5.89445363923713E-07	
0.191307163238524	5.46530015137957E-07	
0.19897928237915	5.89445352555029E-07	
0.20665054321289	5.60835121925973E-07	
0.214350128173828	5.39377453217437E-07	
0.222006797790526	5.25072329376397E-07	
0.229679918289184	3.46258389365883E-07	
0.237349891662596	2.03207241904945E-07	
0.24502716064453	1.38834224410656E-07	
0.252694988250732	6.01560921347447E-08	
0.260361099243164	6.73086540552647E-08	
0.268037509918212	2.38970032145259E-07	
0.275716495513916	3.17648162111906E-07	
0.283375310897826	4.3208908462813E-07	
0.29104571342468	4.53546757067015E-07	
0.29870796203613	3.3910583668242E-07	
0.306361627578734	3.17648167973884E-07	
0.314006710052488	2.8903794302917E-07	
0.321668958663938	3.17648167973884E-07	
0.329362249374388	3.46258397181854E-07	
0.33704252243042	3.82021184757631E-07	
0.344722366333008	4.53546764172443E-07	
0.352422380447388	5.46530006611447E-07	
0.360120391845704	4.67851876644799E-07	
0.367753744125368	4.67851876644799E-07	
0.375405263900758	4.89309548195505E-07	
0.383100700378418	3.82021181915459E-07	
0.39073076248169	3.82021181915459E-07	
0.398377132415772	3.74868625679281E-07	
0.40603551864624	4.53546761330271E-07	
0.41369776725769	5.60835121925975E-07	
0.421325969696044	5.82292796318853E-07	
0.428982639312744	4.39241648857915E-07	
0.436667203903198	4.82156997643669E-07	
0.444338035583496	4.89309548195505E-07	
0.45202088356018	3.74868631363623E-07	
0.459700298309326	4.17783974465035E-07	
0.467374563217162	4.96462104431683E-07	
0.475042390823364	5.39377441848755E-07	
0.482696485519408	4.67851873802629E-07	
0.490345430374144	5.39377453217439E-07	
0.498015832901	5.17919778824561E-07	
0.505679368972778	5.32224896981259E-07	
0.513344192504882	4.24936536385555E-07	
0.521022319793702	4.96462104431681E-07	
0.528692293167116	4.60699311882105E-07	
0.53636054992676	4.39241643173571E-07	
0.544045543670656	4.24936525016873E-07	
0.551716804504396	4.82156986274985E-07	
0.559390783309938	4.24936530701215E-07	
0.567076349258424	4.24936530701215E-07	
0.574750757217408	5.03614660667861E-07	
0.582414722442628	5.39377453217437E-07	
0.59005722999573	6.03750465027385E-07	
0.597731494903566	6.46665808128799E-07	
0.605413913726808	8.32632298691151E-07	
0.613066148757936	9.04157883790313E-07	
0.620724105834962	1.01859880630653E-06	
0.628394508361816	9.54225794496583E-07	
0.636057186126708	9.61378356417103E-07	
0.643702697753906	1.01144626712338E-06	
0.65137095451355	1.05436159317176E-06	
0.659027194976806	1.18310761679166E-06	
0.666718196868896	1.51212527186798E-06	
0.67438473701477	1.82683779173458E-06	
0.682059431076048	2.01518846012986E-06	
0.689710950851438	2.38950562477184E-06	
0.69741368293762	2.69229723842072E-06	
0.705040740966796	3.0093939304359E-06	
0.712712860107422	3.3908636569984E-06	
0.720371246337892	3.89869521229484E-06	
0.728057670593262	4.42083189143232E-06	
0.735712480545044	5.15039270710332E-06	
0.743400478363036	6.10883550423096E-06	
0.751049423217772	7.34145966732536E-06	
0.758737421035764	8.76720275216284E-06	
0.766412973403928	1.05577263357852E-05	
0.774084377288816	1.27082619374711E-05	
0.781753921508786	1.52593405519589E-05	
0.789429044723508	1.82443412714499E-05	
0.797081851959226	2.18539985954273E-05	
0.804735946655272	2.60811602575565E-05	
0.812386894226074	3.10021195846937E-05	
0.820056438446046	3.67480077048391E-05	
0.827721691131592	4.34690276679909E-05	
0.8353976726532	5.11985582935019E-05	
0.843049907684328	6.02966106899411E-05	
0.850707435607912	7.09348487080869E-05	
0.85836753845215	8.33349984250821E-05	
0.866052103042604	9.79262161936925E-05	
0.873707485198976	0.000115356999384923	
0.881386184692384	0.000135794240276548	
0.8890700340271	0.000160251217829747	
0.896730995178224	0.000189536174520137	
0.904403257369998	0.000224745831446009	
0.912067222595216	0.000266945919946985	
0.919756078720094	0.000317850673099265	
0.92742133140564	0.000378754696220377	
0.935097312927246	0.000451860980473677	
0.942732381820678	0.000539286686916123	
0.950378322601318	0.000643539977835711	
0.958029413223266	0.000767968247754725	
0.965690803527832	0.000914946165511617	
0.973345327377318	0.00108782586373226	
0.981019592285154	0.0012905889443292	
0.98867955207824	0.00152661141671079	
0.996347379684438	0.00180074272408919	
1.00399789810179	0.00211681900743231	
1.01163482666014	0.00247855722170159	
1.01927046775816	0.00289254011783583	
1.02692370414732	0.00336284460697156	
1.034544467926	0.00382868359062653	
1.0421812534332	0.00441993768524212	
