cx - Jsc of cell x
CX - Voc of cell x

ca=[14.025, 12.637, 9.489, 7.743, 4.925, 4.168];
CA=[.997, .973, .962, .952, .935, .928];
cb=[7.35, 6.56, 5.18, 4.24, 2.45, 2.13]*0.2858/0.1429;
CB=[.977, .972, .962, .954, .93, .923];
cc=[17.1,15.46,12.84, 9.81, 6.02 5.27];
CC=[.992,.989,.981,.969,.947,.941];
cd=[16.27,14.53,11.4,9.32,5.41,4.81];
CD=[.986,.981,.97,.962,.937,.931];
ce=[18.12,16.12,12.7,10.35,6.09,5.21];
CE=[1.002,.996,.985,.975,.95,.942];
cf=[19.06,17,13.3,10.89,6.28,5.47];
CF=[1.025,1.02,1.01,1.001,.975,.968];
cg=[19.14,17.19,13.34,10.86,6.4,5.6];
CG=[1.035,1.031,1.022,1.014,.991,.984];
