350	0.00109927427516857
360	0.000804789444812953
370	0.000841399360178475
380	0.00153603804022221
390	0.000399875941428198
400	0.000618226129865042
410	0.00021678020047828
420	0.00060416173831963
430	0.000394313466356097
440	0.000356860131511676
450	0.000342391875219335
460	0.000303535822074421
470	4.7739929096234E-05
480	9.63224715197848E-05
490	0.000180853638082644
500	0.000101762305688656
510	0.000212931450071948
520	6.14488662633759E-05
530	0.000169838025133516
540	4.08193853078331E-05
550	0.000109435449928293
560	0.000136726639158586
570	0.000141958997530093
580	6.54433420272341E-05
590	2.7669208712269E-05
600	0.000110356755987715
610	0.000214064680860081
620	4.25586873695756E-05
630	0.000100873985120603
640	9.33378915409187E-05
650	0.000184263995760579
660	4.43456048259004E-05
670	3.20134667732713E-05
680	0.000183676210886398
690	0.000161347790920509
700	0.000182625886321464
710	0.000195180699598901
720	0.000121878902004571
730	8.80882757610775E-05
740	0.000186686749352346
750	9.9214851231725E-05
760	4.58222666207202E-05
770	5.39085742059496E-05
780	4.4905998483203E-05
790	0.000121854399196357
800	0.000198802799909512
810	0.00014719745408985
820	0.00034997317744499
830	0.000293703133357356
840	0.000411416862363719
850	0.000366479905489476
860	0.000247359919718502
870	0.000258192836815052
880	0.000207634542106632
890	6.59181720584212E-05
900	4.52979932304096E-05
910	9.82399305072665E-05
920	5.30749883232029E-05
930	6.44336365912682E-05
940	0.000115039249045636
950	5.41222039229902E-05
960	6.50876822570865E-05
970	0.000133512744599596
980	7.91453969468402E-05
990	3.66862958910024E-05
1000	4.543626008038E-05
