320	0.179576467354861
322	0.170102310297438
324	0.167835846278191
326	0.167345166039959
328	0.164943181238753
330	0.16760614053331
332	0.166535317983492
334	0.165299364329627
336	0.168591515138147
338	0.170331440455592
340	0.170339550033359
342	0.172634159484139
344	0.176615557588474
346	0.182569892336636
348	0.19033363480245
350	0.199450925722081
352	0.206735681372468
354	0.210700397117065
356	0.218599409765142
358	0.225583259378107
360	0.235190246905861
362	0.246376364034854
364	0.254203424270491
366	0.263900073362928
368	0.27388567819812
370	0.282412590359648
372	0.301801913824026
374	0.314915772303969
376	0.329693310214564
378	0.343508627351378
380	0.355414306399761
382	0.369242497182306
384	0.382608367935538
386	0.398635013964047
388	0.412415107847974
390	0.426251992032918
392	0.438633735039222
394	0.45072991866321
396	0.460263189296304
398	0.468080386186949
400	0.482098128999125
402	0.489268727654315
404	0.499599723059163
406	0.509732908392808
408	0.519548694786911
410	0.530412132397959
412	0.544940049732961
414	0.555088232497591
416	0.566471139731906
418	0.578817804931219
420	0.592664192476784
422	0.603290764140608
424	0.616229698265734
426	0.623944983496465
428	0.631890549524099
430	0.641321794635173
432	0.648813927044253
434	0.658237282492116
436	0.662856270203116
438	0.672461189418884
440	0.681007632891531
442	0.684790824439262
444	0.689493190255384
446	0.69419269513445
448	0.70152948877977
450	0.705402829072393
452	0.711407166581845
454	0.717317231461423
456	0.722595706072373
458	0.728412518501626
460	0.730377461106936
462	0.733681447337422
464	0.739441325133087
466	0.742237806501716
468	0.748663405537925
470	0.75345541225234
472	0.756040903552878
474	0.760584006085645
476	0.764656586980552
478	0.767494991489961
480	0.768532736381462
482	0.774593355595256
484	0.777587690318492
486	0.780121372599829
488	0.782628863613079
490	0.786338060267115
492	0.787324845072909
494	0.790161027391063
496	0.791810960227976
498	0.795203512655171
500	0.796261942635333
502	0.797876782089509
504	0.800206266011438
506	0.800402046998452
508	0.802536349398248
510	0.804443908746612
512	0.806139571188211
514	0.807557656393497
516	0.808840946376951
518	0.808438439467646
520	0.810452809669289
522	0.810977787178635
524	0.811659132574112
526	0.812215092210655
528	0.812283993941025
530	0.812028129691642
532	0.813439631526
534	0.812122621102825
536	0.81460620172172
538	0.815000487602573
540	0.816052682171693
542	0.815437822422237
544	0.816280848643379
546	0.817007058338663
548	0.817410134405136
550	0.817617420075082
552	0.819036725398906
554	0.818967459264473
556	0.819326357815453
558	0.819665870015909
560	0.8203347317902
562	0.820230467184908
564	0.820845996720135
566	0.822004565273537
568	0.821882064951823
570	0.822421772512368
572	0.823240538404199
574	0.82404508989976
576	0.824349432195521
578	0.824635164270307
580	0.826310216034831
582	0.826935063051975
584	0.827514652417496
586	0.827857766864072
588	0.828886140912924
590	0.82970770562447
592	0.83000332900752
594	0.831065388635651
596	0.831210849761768
598	0.832227634802547
600	0.833852709007253
602	0.835015483824376
604	0.835226536827738
606	0.835699199102411
608	0.83601920383516
610	0.837673474625539
612	0.838244326820707
614	0.838895503465415
616	0.840433645569221
618	0.840938718135373
620	0.841984750196188
622	0.843231287420523
624	0.844167545874857
626	0.844724126051696
628	0.846335008566104
630	0.847009556926233
632	0.847998990136934
634	0.848656059464873
636	0.85007195766015
638	0.850813511027514
640	0.851568658283018
642	0.852362881823113
644	0.85336438986367
646	0.854033898849919
648	0.854543635160253
650	0.855309900404696
652	0.856011998023135
654	0.857090305828991
656	0.857650240360341
658	0.857897034145777
660	0.858709690983686
662	0.860234242558434
664	0.86042032325939
666	0.861217729369248
668	0.862135168457
670	0.862255792559168
672	0.862787130953454
674	0.864513666327512
676	0.863535968720989
678	0.865934993310888
680	0.866447870980705
682	0.866662925803052
684	0.86781391924112
686	0.868892204097244
688	0.869171011155352
690	0.870424443614065
692	0.870343136412106
694	0.871690331251939
696	0.872572207087004
698	0.872381729165382
700	0.873059586357284
702	0.872282566632441
704	0.872914743697239
706	0.873733244134454
708	0.874921060936308
710	0.87500809061276
712	0.875336801388187
714	0.876583308042613
716	0.877225349829743
718	0.877671657415548
720	0.878334995296827
722	0.878707105076789
724	0.879038653293485
726	0.879370261799294
728	0.880073957758547
730	0.8802551099797
732	0.880574950928868
734	0.880703398819779
736	0.881380992945885
738	0.882445767620527
740	0.882644599723519
742	0.882870208640437
744	0.883509254152104
746	0.884069153875577
748	0.88427555477086
750	0.88483869029082
752	0.884992024464098
754	0.885532510125653
756	0.886271151898063
758	0.88688528770189
760	0.886622228427321
762	0.886470588668797
764	0.886074010583986
766	0.886653089994775
768	0.886321666540003
770	0.886226802617215
772	0.886459118092148
774	0.885421388356059
776	0.886413617595427
778	0.885879649453953
780	0.886826704404095
782	0.886963180016409
784	0.886878882804435
786	0.887495537545015
788	0.887695573815425
790	0.887352588008186
792	0.886392057839914
794	0.886293242398136
796	0.885195952392139
798	0.884405376898531
800	0.883614801404922
802	0.882829038610659
804	0.882024246562017
806	0.881499852058271
808	0.88083224174843
810	0.880364848345313
812	0.879394208779268
814	0.878793154945797
816	0.877887469885031
818	0.876957604837339
820	0.876249048954955
822	0.874496706882782
824	0.872942837434038
826	0.871275283767616
828	0.869523552944496
830	0.867645245701735
832	0.866136165321032
834	0.864305010532854
836	0.862313444807445
838	0.860243290960989
840	0.85808824037475
842	0.85595897593954
844	0.853720125467446
846	0.851337957293952
848	0.848891736190424
850	0.846305061665365
852	0.842438212089364
854	0.837730690382661
856	0.830629341757245
858	0.819556929045402
860	0.802322805167669
862	0.776913132638074
864	0.74224761237214
866	0.697084102447387
868	0.644063068092622
870	0.58243640097553
872	0.519646504775436
874	0.45110124476218
876	0.382875553213824
878	0.316526026701058
880	0.255224332022112
882	0.195805108975785
884	0.14672045943575
886	0.104211947693349
888	0.073046690384508
890	0.0488893765996385
892	0.0339038702305929
894	0.0232405768044957
896	0.0164966276265131
898	0.0117894162592475
900	0.00870166442636244
