320	0.168302356816799
322	0.161282501950838
324	0.160267474899632
326	0.161284866342161
328	0.16390467914663
330	0.166270571104167
332	0.171856518687494
334	0.168326545571279
336	0.172480275034976
338	0.177711908443168
340	0.178641312672663
342	0.181842522022834
344	0.187940077079234
346	0.192823543214418
348	0.200229663486468
350	0.207891591557582
352	0.214762847876658
354	0.215609882215646
356	0.221714159529418
358	0.227956868379609
360	0.235441976353989
362	0.240164818077465
364	0.247140105369342
366	0.253964882376111
368	0.260720621625409
370	0.265208524313591
372	0.282057991775322
374	0.294644890643941
376	0.304532858190705
378	0.317150374185661
380	0.326298392648463
382	0.338011691797896
384	0.349627786725735
386	0.363287190950212
388	0.372899213376492
390	0.384812011309407
392	0.39289297454312
394	0.404213993201611
396	0.411199273194728
398	0.41839324906677
400	0.430884341718915
402	0.434967595506658
404	0.442799796435327
406	0.448453735507178
408	0.453947638129487
410	0.457148464005408
412	0.46358187924958
414	0.466006548651913
416	0.467301253166772
418	0.470124003681572
420	0.473864337416623
422	0.475118369070787
424	0.478480219933648
426	0.48005073416612
428	0.482164693155022
430	0.485790049718172
432	0.488792623273959
434	0.494095933018601
436	0.496691246223988
438	0.502453341884926
440	0.507173140305386
442	0.508858037900617
444	0.511675366634752
446	0.514226500029433
448	0.518857470362716
450	0.52174792813695
452	0.524592165258694
454	0.528860293246158
456	0.532467371920394
458	0.535000220041974
460	0.537208436932532
462	0.539987476873139
464	0.542833669428878
466	0.546159784818434
468	0.549985340320308
470	0.553311077515656
472	0.555251765670357
474	0.558843021257841
476	0.561669179235675
478	0.564263902391288
480	0.566140857388697
482	0.569868017699577
484	0.572054478734775
486	0.574458999322091
488	0.57645477541368
490	0.579185125305891
492	0.580306892799653
494	0.582780078894197
496	0.583690873907068
498	0.586057458174895
500	0.586736810871579
502	0.58788073323576
504	0.58944269014587
506	0.589548131789165
508	0.591421798622237
510	0.592580583553278
512	0.593709657104024
514	0.594690126895282
516	0.59485709511876
518	0.59464565282029
520	0.596014696954137
522	0.596013231019379
524	0.596440615795586
526	0.596500375637357
528	0.596077606801962
530	0.595803520619821
532	0.596396673608093
534	0.595452112439652
536	0.595744658203924
538	0.59597617643843
540	0.596439568641609
542	0.595944477313613
544	0.596519031350298
546	0.596672274504213
548	0.596729150602372
550	0.596837029763374
552	0.597491974036882
554	0.597154224634364
556	0.59715266087768
558	0.597213612057683
560	0.597626550029558
562	0.597187071136046
564	0.597462177168407
566	0.59825493603643
568	0.598069348702606
570	0.59848509155261
572	0.598889048551695
574	0.599133228746165
576	0.599212132652337
578	0.599407293201053
580	0.600473345387376
582	0.600581805290682
584	0.600853336369661
586	0.601134700087911
588	0.601503458010203
590	0.601797766506123
592	0.60187534891873
594	0.60268766277308
596	0.6025820409438
598	0.6031088307619
600	0.604198928096404
602	0.604955665320517
604	0.604660957677095
606	0.604505583377286
608	0.604766581599053
610	0.605427187384857
612	0.605669364265395
614	0.60562929101254
616	0.606214485637531
618	0.606411076348708
620	0.606923589483934
622	0.60705832136561
624	0.60735270635511
626	0.607555434327835
628	0.608360413011674
630	0.608402117627191
632	0.608827618014796
634	0.609155140836144
636	0.609687973055504
638	0.609977606115463
640	0.610263389320756
642	0.61025652426096
644	0.61092145204596
646	0.611188393677779
648	0.611496499233491
650	0.611477234699911
652	0.611564979430626
654	0.612116349419658
656	0.612238460046063
658	0.612045718969162
660	0.612626818427758
662	0.613146404038377
664	0.612773616098216
666	0.61349051849579
668	0.613584056777455
670	0.61349345816856
672	0.613549211751385
674	0.614247814756506
676	0.613487775160526
678	0.614738465421727
680	0.614927661683741
682	0.614771002963678
684	0.615053300974872
686	0.615683306841418
688	0.615522315095797
690	0.616060788623885
692	0.615704303726586
694	0.616599190572613
696	0.616830702271752
698	0.616296774118643
700	0.616379587457694
702	0.616471533817571
704	0.616709275227252
706	0.617244620035521
708	0.618058826155348
710	0.617997099919352
712	0.618244439434283
714	0.619238321463025
716	0.619480833641655
718	0.619674346634269
720	0.619192142347381
722	0.618498309669563
724	0.617785951071088
726	0.617104062526202
728	0.616633291735067
730	0.616001902785706
732	0.615928253119935
734	0.615458123624903
736	0.615745693557439
738	0.616275008130797
740	0.616862597966157
742	0.616791917282096
744	0.617698496477883
746	0.618031183007222
748	0.618514709688082
750	0.619112691128317
752	0.619689691446421
754	0.620115122526795
756	0.621071316275812
758	0.62164785755235
760	0.621676167043621
762	0.621785801843099
764	0.622124036359745
766	0.622553029305352
768	0.622828568431744
770	0.623092764491068
772	0.623705631835209
774	0.623659440598139
776	0.624623824254054
778	0.624944907232196
780	0.625457869479599
782	0.625938926171888
784	0.625953620620842
786	0.626451040354345
788	0.626858060313339
790	0.626930305235687
792	0.626848917384243
794	0.62704139406809
796	0.627129624216831
798	0.627296723034313
800	0.627463821851794
802	0.627657960260249
804	0.627670803071679
806	0.627672984658188
808	0.627506012163479
810	0.62759500330558
812	0.62757590423287
814	0.627720595909829
816	0.627752080650237
818	0.627762418896982
820	0.627922913446546
822	0.627432217227086
824	0.626858816478155
826	0.626237306623037
828	0.625541716662493
830	0.624792052278168
832	0.624090683969632
834	0.623094524277877
836	0.622249300046319
838	0.62140293127297
840	0.620264837676994
842	0.619517656709939
844	0.618674423858409
846	0.618044471323457
848	0.617320103233469
850	0.616611798022995
852	0.615068334476983
854	0.612790215766895
856	0.608524966420377
858	0.600950676823393
860	0.588640623146201
862	0.569765853075239
864	0.543956016538791
866	0.509984997809003
868	0.471021061810396
870	0.42516946166511
872	0.378741867026375
874	0.328403246909387
876	0.278444005606204
878	0.230110282709887
880	0.185195898793788
882	0.141778469323508
884	0.10615038286623
886	0.0755777670597757
888	0.0531785586262794
890	0.0364058515891052
892	0.0249187524761433
894	0.0175516725651444
896	0.0124293182421183
898	0.00883049434317535
900	0.00633077994864724
