320	0.114768609047733
322	0.11142568104327
324	0.111656991829329
326	0.110037447607582
328	0.111052184909945
330	0.113666345809026
332	0.115182550371863
334	0.113374698355595
336	0.116120047306702
338	0.117908864611764
340	0.119065755369136
342	0.119854145750672
344	0.122563963421024
346	0.126069261712904
348	0.130310621515477
350	0.135738347427742
352	0.139484104342808
354	0.140566196119798
356	0.145034873553975
358	0.147342177024753
360	0.151348967888682
362	0.156999902400658
364	0.15984707744116
366	0.165175181117694
368	0.169342013398003
370	0.173446382333855
372	0.184199878988649
374	0.191807261501706
376	0.200032162152633
378	0.208329706837397
380	0.214874540912492
382	0.222842612114479
384	0.230255093496585
386	0.239537610481437
388	0.247107142616322
390	0.254765833588588
392	0.261601332608451
394	0.269009880258279
396	0.274532594515041
398	0.279182963770522
400	0.288041987012575
402	0.291737762603356
404	0.296952625474723
406	0.301497839512687
408	0.305466472397481
410	0.309016642092111
412	0.313495211736468
414	0.315586556046003
416	0.317928234626204
418	0.320676000350492
420	0.32412049424374
422	0.326423400165591
424	0.330164994987127
426	0.332524959413167
428	0.335034240996238
430	0.339130509868292
432	0.342530339708474
434	0.347256152294295
436	0.349573433568321
438	0.355022234414708
440	0.359682424246656
442	0.361968396038172
444	0.364895383993909
446	0.367900047767593
448	0.372103806046508
450	0.375001832548812
452	0.378347825875547
454	0.382576579830382
456	0.385555110188979
458	0.3880848484387
460	0.391007119935658
462	0.393895397607755
464	0.397151991213769
466	0.400151004882311
468	0.403830016042737
470	0.407144086948161
472	0.409544788228824
474	0.412886678576671
476	0.415936196118714
478	0.418645654764192
480	0.420082520472481
482	0.424262337816347
484	0.42676620674813
486	0.429113090372311
488	0.431387573775637
490	0.43424950101358
492	0.435612670435391
494	0.437994395520591
496	0.439543976635407
498	0.442012905040306
500	0.443195956173696
502	0.444936804198544
504	0.446790882758929
506	0.44728988612264
508	0.44899178690859
510	0.450389340342186
512	0.451826466729303
514	0.452924766496697
516	0.453930094030189
518	0.455114938697351
520	0.456163043409047
522	0.456653205957627
524	0.457560736090461
526	0.458034486227235
528	0.45844176899673
530	0.458769577248529
532	0.459615350547072
534	0.459535939220645
536	0.461874778908037
538	0.4624708558531
540	0.463401696244415
542	0.463197409866526
544	0.464058080401697
546	0.464639819265562
548	0.465101681382588
550	0.465764183490918
552	0.466639645464463
554	0.466789959475314
556	0.467236903420851
558	0.467753976995077
560	0.468339330326476
562	0.468635900720816
564	0.469156434410523
566	0.469812292562301
568	0.470251328377345
570	0.470944315515825
572	0.471533182875135
574	0.472028281532213
576	0.472299639506017
578	0.472875539521986
580	0.474101016475134
582	0.474578632099371
584	0.47505890149456
586	0.475386517596523
588	0.476074650448946
590	0.476720737230526
592	0.477132037307963
594	0.477637187913026
596	0.477910820652707
598	0.478794111493305
600	0.479626839948354
602	0.48018925623636
604	0.480329306794602
606	0.480965758360754
608	0.48105965153374
610	0.481841727517629
612	0.482086379092115
614	0.482686067362267
616	0.483331909542538
618	0.483489825568538
620	0.484178625350059
622	0.484775920471846
624	0.485365179867446
626	0.485371285758963
628	0.486325889201943
630	0.48687250579068
632	0.487079094877934
634	0.487335416695282
636	0.488241956106071
638	0.48854237221242
640	0.488719136758312
642	0.489415314789177
644	0.489877476104502
646	0.490149629567335
648	0.490595317194901
650	0.490833398437505
652	0.491083207393961
654	0.491633399944897
656	0.49212381685197
658	0.492118925053253
660	0.492433634822713
662	0.493212089576006
664	0.493308878917293
666	0.493708615104332
668	0.494314175494837
670	0.494247356102911
672	0.494298598586943
674	0.495260054865083
676	0.494879404704649
678	0.495812666796914
680	0.496325461435929
682	0.496248288479114
684	0.496804609939019
686	0.497279706462629
688	0.497278049807992
690	0.497908509945788
692	0.497744975365394
694	0.498321391186593
696	0.498934669509801
698	0.498522954264053
700	0.498900998541904
702	0.49813980193568
704	0.498171847738062
706	0.498892719518886
708	0.499584243845211
710	0.499853827600653
712	0.500152979376904
714	0.500876703368076
716	0.501231410773888
718	0.501209684378489
720	0.501041024347523
722	0.500608542840619
724	0.500144323555848
726	0.499647988080782
728	0.499551749967228
730	0.499313412017825
732	0.499254562462986
734	0.499132699051405
736	0.49954732133438
738	0.500299298202807
740	0.500660952166448
742	0.501082612587429
744	0.501676938438581
746	0.502363224562354
748	0.502589872594645
750	0.503295667952303
752	0.503496393667363
754	0.504348181383185
756	0.504896130658756
758	0.505823170661861
760	0.506014276405836
762	0.506349113372525
764	0.506639577432874
766	0.507335374525198
768	0.507516942684005
770	0.50779948649171
772	0.508209555143753
774	0.507914623902899
776	0.508689040003133
778	0.50882963578919
780	0.50966530605258
782	0.510253074233569
784	0.510850710824345
786	0.511684024844304
788	0.51234402999535
790	0.512749426220215
792	0.512645878637433
794	0.51280316593141
796	0.5122259237032
798	0.512213560148627
800	0.512201196594054
802	0.512430829037419
804	0.512497810473467
806	0.512724680926133
808	0.512738696551792
810	0.512805301601151
812	0.51270370905477
814	0.512883452998833
816	0.512730713270163
818	0.512522730498009
820	0.512422344453019
822	0.51178437382323
824	0.511134749610772
826	0.510526432437407
828	0.509985516962984
830	0.509369951164213
832	0.509025670491927
834	0.508416913914548
836	0.507954947434737
838	0.507392316523707
840	0.506637194777476
842	0.5059218929171
844	0.50496113088807
846	0.504092592749205
848	0.502796514556657
850	0.501398808234229
852	0.499328357072718
854	0.496644348746035
856	0.492524648020049
858	0.486068835340728
860	0.476207416961629
862	0.461826277503278
864	0.442233526461903
866	0.416643572539857
868	0.386337361118537
870	0.351229804107969
872	0.314112198117605
874	0.274078257851096
876	0.233556363622153
878	0.193914926033668
880	0.157599389250047
882	0.121835710663171
884	0.0920675662409902
886	0.0662545967885995
888	0.0465914390119752
890	0.0310849203083696
892	0.021417229922152
894	0.0143863930006845
896	0.0100334114697193
898	0.00709276279639551
900	0.00521963636447072
