320	0.186821923855834
322	0.181740770266357
324	0.175287431478684
326	0.17495481155908
328	0.175830023800306
330	0.179814724340604
332	0.178625162596236
334	0.172722719227407
336	0.1747155712895
338	0.180382779252357
340	0.183815351344138
342	0.185179243176375
344	0.186747994695697
346	0.194033825177376
348	0.207802293901899
350	0.213576209631772
352	0.22509631683694
354	0.220777282167984
356	0.23469743995624
358	0.23963613978532
360	0.25101884087621
362	0.263066834011832
364	0.273117002092339
366	0.282495372395725
368	0.292440757191511
370	0.304620456429217
372	0.324511621766864
374	0.33948161750118
376	0.356078942024828
378	0.370264907830001
380	0.381774720654903
382	0.397997111029788
384	0.412614540329433
386	0.427682225696966
388	0.445932287725781
390	0.456475287825578
392	0.469368376927325
394	0.483172374574459
396	0.492314061984439
398	0.499913203881632
400	0.515569209740078
402	0.521031301939412
404	0.532075510140423
406	0.541113931253238
408	0.550938622045629
410	0.560761297001136
412	0.574871768622267
414	0.585062304162435
416	0.596015760525883
418	0.607789074118325
420	0.622285018147841
422	0.633878288646632
424	0.644880487375658
426	0.653673377150816
428	0.66139357515209
430	0.671666737298531
432	0.678569959105039
434	0.689105696791455
436	0.693236546656062
438	0.703614093794448
440	0.712035784982232
442	0.715766789499273
444	0.720467996326339
446	0.725567619123761
448	0.732537778970161
450	0.737581115389209
452	0.742380203738509
454	0.748269515613212
456	0.755469829289167
458	0.758276545953152
460	0.76192500317624
462	0.765942230256427
464	0.77064466292809
466	0.775183587848372
468	0.78055130489389
470	0.785056082946037
472	0.787898028057927
474	0.791635760540534
476	0.796110363951213
478	0.799337556847877
480	0.799965101218612
482	0.806410144793129
484	0.809469716483628
486	0.811852776772214
488	0.814947065253201
490	0.818800912774426
492	0.820103041683615
494	0.823257734886418
496	0.824756036284546
498	0.827861591533421
500	0.829363908691958
502	0.831257578725542
504	0.833263356534824
506	0.834073502872182
508	0.836053282434597
510	0.837548658736869
512	0.839907547698374
514	0.841163682672648
516	0.842181261058842
518	0.842069137745802
520	0.844605102168991
522	0.844587970460637
524	0.845871778738914
526	0.846269203098975
528	0.846867696263481
530	0.846401409727401
532	0.84745322008435
534	0.846591397387669
536	0.849175065924322
538	0.84988505861255
540	0.85092855827968
542	0.850488658389792
544	0.851088441132315
546	0.851490867851065
548	0.852205527161403
550	0.852635281042768
552	0.853710654598315
554	0.853706768399956
556	0.854376163685646
558	0.85466196989933
560	0.855288518102785
562	0.854900385794901
564	0.855935946951862
566	0.856800363457719
568	0.856628316617577
570	0.857583445078371
572	0.858417094276589
574	0.858884335726567
576	0.859381132537893
578	0.859655221612059
580	0.861261034203759
582	0.862254532892935
584	0.86300201258693
586	0.863551101713845
588	0.864358073198185
590	0.865305816241111
592	0.865913715957993
594	0.866580223657252
596	0.86668588166655
598	0.867917493863613
600	0.869790934212916
602	0.870733108400404
604	0.870983788517795
606	0.871665784208764
608	0.87170125816833
610	0.873488036464613
612	0.874022099921622
614	0.874900765656747
616	0.876532977372064
618	0.876714066776542
620	0.878135467272566
622	0.879338810023944
624	0.880493229147502
626	0.880627087908776
628	0.882772051763427
630	0.883535643175391
632	0.884206834691057
634	0.884891743983523
636	0.886247433667675
638	0.886994299476975
640	0.887783030510313
642	0.888749907519964
644	0.889653916917121
646	0.890449065056642
648	0.891191456746666
650	0.89173337161627
652	0.892097697620033
654	0.893543217309534
656	0.894174777410387
658	0.894244186954571
660	0.89482861406836
662	0.896696638484619
664	0.89669407240958
666	0.89784297940693
668	0.898788541692088
670	0.898820499283868
672	0.89899798915029
674	0.901155592386791
676	0.900106831977881
678	0.902464745949283
680	0.90329554473044
682	0.90322684013676
684	0.904518583889953
686	0.905469220498597
688	0.905793541048619
690	0.907258339369065
692	0.907132324947641
694	0.908637638492843
696	0.909580807428146
698	0.909107500882321
700	0.910077619846353
702	0.909001458241438
704	0.909357366352057
706	0.910308081173858
708	0.911504030221738
710	0.911674418250317
712	0.91188019625081
714	0.913193302803638
716	0.913798432711258
718	0.914484927033274
720	0.915174903336039
722	0.915257707963372
724	0.915601527679174
726	0.915962358786644
728	0.916926031159832
730	0.917507668131853
732	0.91752871187053
734	0.917625836351025
736	0.918531305039028
738	0.919296609776743
740	0.919654713917928
742	0.920056712384285
744	0.920695438411221
746	0.921384193862574
748	0.92138128052355
750	0.922277216387253
752	0.922300588082667
754	0.922803004364866
756	0.923569266644853
758	0.924353925998527
760	0.924283616160227
762	0.924339925051286
764	0.924001700289749
766	0.924552799873991
768	0.924456916507272
770	0.924441950492524
772	0.924822545600916
774	0.923589456864487
776	0.924959994213851
778	0.924114028722745
780	0.925269617191247
782	0.925331301049986
784	0.925299203723711
786	0.925803827583572
788	0.92617626922766
790	0.925840714011366
792	0.925342123245539
794	0.924848262207312
796	0.923689562883109
798	0.923407997028347
800	0.923126431173585
802	0.922262837789299
804	0.921651953492926
806	0.921114972652481
808	0.920415795623011
810	0.919827678771598
812	0.918804935164149
814	0.918437860846595
816	0.91774269162788
818	0.916639892999369
820	0.916121652659858
822	0.91432504651238
824	0.912807667633793
826	0.910902149995578
828	0.909252908731405
830	0.90720184602066
832	0.905613006122788
834	0.903433449436356
836	0.90150185384981
838	0.899466770178903
840	0.897101153743404
842	0.894997135746754
844	0.892768557035554
846	0.890537515371342
848	0.888302743987851
850	0.885759108177839
852	0.882184037791286
854	0.877677222626643
856	0.870690603740289
858	0.859570639611667
860	0.842130623764438
862	0.816514437880944
864	0.780697348452067
866	0.734188323668491
868	0.67920603484188
870	0.615265026815829
872	0.549363665179999
874	0.477704646789564
876	0.40610842194733
878	0.336625314592594
880	0.272347673061058
882	0.209021996490078
884	0.157123263311312
886	0.111817765672694
888	0.0785071919489649
890	0.052677661842514
892	0.0366926509591404
894	0.0251225640790381
896	0.0177509671811291
898	0.0126031498256013
900	0.0092151039838569
