320	0.186746264389849
322	0.180511754068445
324	0.17977233423636
326	0.176077089280894
328	0.17349230475517
330	0.172735068500818
332	0.177483488348264
334	0.167671163096863
336	0.180708510232466
338	0.176863599668815
340	0.180480573549191
342	0.182709630480497
344	0.187265879492783
346	0.191689379613912
348	0.202950244937516
350	0.209762982012793
352	0.216917207867085
354	0.221655926552129
356	0.230934655006108
358	0.239422276021258
360	0.249965420391756
362	0.260392026903837
364	0.269890805448953
366	0.281079066211176
368	0.291374137787926
370	0.302330545098286
372	0.320762795129708
374	0.336629723923424
376	0.351652301770915
378	0.366146430772858
380	0.379242209557279
382	0.395030813188659
384	0.407456920387635
386	0.426536004651582
388	0.440511175581381
390	0.454656365944899
392	0.466584739762653
394	0.479927710316979
396	0.489671709192706
398	0.498113646380201
400	0.512019160980524
402	0.519393645878503
404	0.528749623992313
406	0.538826503122616
408	0.548386569075318
410	0.558002708535118
412	0.572265380482855
414	0.580950279602903
416	0.591708199131758
418	0.603785880694667
420	0.618336722613705
422	0.628022735949945
424	0.639198496745383
426	0.649442392265907
428	0.657747263969146
430	0.667216580454574
432	0.674570978402802
434	0.684709848123944
436	0.689035814543262
438	0.699565265144964
440	0.708232647845096
442	0.711143272253825
444	0.717244080481816
446	0.721466292890739
448	0.729238748709791
450	0.733854854706818
452	0.738830587821793
454	0.744695337801898
456	0.751986241709782
458	0.754022251508323
460	0.757991137244751
462	0.762516497074689
464	0.766237095114693
466	0.77166052360553
468	0.777173916224687
470	0.781500599004492
472	0.784557397031182
474	0.788480069085588
476	0.79278786789839
478	0.796088071226876
480	0.797231088482731
482	0.803437422290062
484	0.806926873734477
486	0.809619743403292
488	0.812750042707985
490	0.816685064244612
492	0.818025849645562
494	0.820916455088862
496	0.822261674707433
498	0.825502896384002
500	0.826810356786751
502	0.82877971732209
504	0.831479796327813
506	0.831530388881719
508	0.833900677446518
510	0.835961894655517
512	0.83772928941981
514	0.839015285186622
516	0.840298253252888
518	0.840308318638205
520	0.842378083232237
522	0.842662530647244
524	0.843670355988206
526	0.844354496208924
528	0.84460373202094
530	0.843758977361703
532	0.845250932165372
534	0.843861530969607
536	0.846493982397057
538	0.847236969050233
540	0.848312332337141
542	0.847666679550895
544	0.848461689401597
546	0.848894468978273
548	0.849169194507091
550	0.849867102588766
552	0.850969664113089
554	0.850692314530926
556	0.851095620722115
558	0.85118984274576
560	0.852290398008846
562	0.851572286120978
564	0.851917927562188
566	0.853599463399605
568	0.8536684370489
570	0.854087068631845
572	0.854670263609726
574	0.855303304552575
576	0.856033698728989
578	0.85646964292475
580	0.857758537828006
582	0.858375353782299
584	0.858814322922326
586	0.859327672907607
588	0.860291468304933
590	0.861132480373332
592	0.8613123471749
594	0.862453892554257
596	0.862331654697637
598	0.863393191909799
600	0.865283676253629
602	0.866371156475566
604	0.866773176921011
606	0.867287614142476
608	0.867342621281627
610	0.868957925598644
612	0.869881933856521
614	0.870283134343268
616	0.871746556828968
618	0.872247759135643
620	0.873501169707297
622	0.874781147624536
624	0.875520505415474
626	0.876152685248388
628	0.877945827657957
630	0.878361350919312
632	0.879043730172427
634	0.880040432667984
636	0.881046366443784
638	0.881860940790487
640	0.882957986952951
642	0.883516135897844
644	0.884547101714816
646	0.885287762469282
648	0.886218577686744
650	0.886705382654128
652	0.887078397890621
654	0.888412532644546
656	0.888754469400677
658	0.888597997356463
660	0.889954253007572
662	0.891296854420576
664	0.891252703308241
666	0.892360963101932
668	0.893496131358959
670	0.893598708609801
672	0.894181841567902
674	0.896088579355838
676	0.895149781276366
678	0.897194910183855
680	0.898014014066086
682	0.898531347982149
684	0.898880949381773
686	0.900351397907039
688	0.900209090643284
690	0.90160985837012
692	0.901598979167571
694	0.90303055970553
696	0.903896490070154
698	0.903828521159837
700	0.904601671702952
702	0.903749343712719
704	0.904208232005727
706	0.905140265690465
708	0.906614563793265
710	0.906597780232115
712	0.906843796686941
714	0.908201455701147
716	0.908965605731106
718	0.909337973736337
720	0.910067351939224
722	0.910555272724373
724	0.910758636757157
726	0.910917920091967
728	0.911984059681229
730	0.912114286642031
732	0.912731782944316
734	0.912686011726031
736	0.913569258977397
738	0.914742966281346
740	0.914959498934073
742	0.915210888380053
744	0.915887594704068
746	0.916491510877498
748	0.916783666458173
750	0.917203488075443
752	0.917911146227326
754	0.918646709409521
756	0.919322671999181
758	0.920014980485699
760	0.919659080414879
762	0.919756035548034
764	0.919062068558641
766	0.919849247518432
768	0.919934614432653
770	0.919648684144847
772	0.919843627626774
774	0.918507857439528
776	0.919916478052805
778	0.91951598383275
780	0.920587030316091
782	0.920818001060575
784	0.920618145805144
786	0.921256271497985
788	0.921687303099092
790	0.921471427409517
792	0.920439979782458
794	0.92037752416265
796	0.919000800710992
798	0.918493144474096
800	0.917985488237201
802	0.916959844879768
804	0.9163855798698
806	0.915883921528219
808	0.915223847526658
810	0.914577108899407
812	0.913594309103197
814	0.913357433638695
816	0.91242620262485
818	0.911546255302621
820	0.910797416053763
822	0.909136791260999
824	0.907490438687309
826	0.905891758806658
828	0.904370743728857
830	0.902530458841962
832	0.900899220422444
834	0.899005778999956
836	0.897353538850235
838	0.895354450649736
840	0.893026235818762
842	0.891187429866338
844	0.888915329185935
846	0.886866407922236
848	0.884219771466567
850	0.881713588913669
852	0.878251606451552
854	0.873644234147423
856	0.86684478967513
858	0.855914284342573
860	0.838809368199875
862	0.813401257352362
864	0.778268583892463
866	0.731994900609894
868	0.677580326182935
870	0.613834683180775
872	0.548501324408545
874	0.476922662598682
876	0.406011928130169
878	0.335945655390323
880	0.272031410598169
882	0.208542792219235
884	0.156806025518517
886	0.111424694847227
888	0.0780190876932065
890	0.0520576228162938
892	0.0360454401086343
894	0.0245662228572365
896	0.0173460607423972
898	0.0123605498354801
900	0.00909570719781264
