320	0.188494083064729
322	0.183813117973759
324	0.17963203406271
326	0.179354290869897
328	0.176652110771134
330	0.180026651758008
332	0.180704665121004
334	0.178121699236295
336	0.18226804856684
338	0.184244673158728
340	0.185121693735275
342	0.187108833896087
344	0.191202646039741
346	0.198207648718391
348	0.206420293785035
350	0.216889601080512
352	0.223805726742226
354	0.228321833478314
356	0.23696514501952
358	0.244644614081105
360	0.255325528197915
362	0.265763894090774
364	0.275246574876679
366	0.285753351890718
368	0.296822386763423
370	0.306872584532886
372	0.325967802797746
374	0.341134889140459
376	0.356384522997195
378	0.372111312309311
380	0.384463854556258
382	0.400291116453637
384	0.413853259212866
386	0.431262664601835
388	0.445544899737713
390	0.459902046825474
392	0.472463469998534
394	0.485866492574058
396	0.496159682981104
398	0.504572703304695
400	0.519970968711585
402	0.527451781330527
404	0.537897118930351
406	0.548938988927457
408	0.55959679413042
410	0.571611119437208
412	0.586706015526671
414	0.597573793037315
416	0.609812094938586
418	0.62263311194302
420	0.63870468260161
422	0.648760192453088
424	0.662283988936905
426	0.670937809665038
428	0.679404985173969
430	0.689519084536621
432	0.697264540459775
434	0.706989988309315
436	0.711894516769364
438	0.722238905376234
440	0.73077425990472
442	0.734621438221444
444	0.739635176358626
446	0.744426625609747
448	0.752042268491169
450	0.756495628059164
452	0.761923134052963
454	0.769639622036142
456	0.774000774194945
458	0.778337692588438
460	0.782087907772655
462	0.786489447516283
464	0.791161926135763
466	0.795733655781378
468	0.801029649656467
470	0.805813834781235
472	0.808694093724421
474	0.813101946287416
476	0.81719355581582
478	0.82051008010221
480	0.821240052572348
482	0.827605944853832
484	0.830470873117241
486	0.832988437609063
488	0.835533166501872
490	0.839494019623561
492	0.840726211739168
494	0.84344082099838
496	0.845121523399746
498	0.84819081632231
500	0.849415489089351
502	0.851123751375058
504	0.853670479739228
506	0.853494120799354
508	0.855945613016563
510	0.857600505471923
512	0.859591443284122
514	0.86109141516263
516	0.862114174892201
518	0.86197302040022
520	0.864195398727945
522	0.864439760422115
524	0.866219085315411
526	0.866103602677964
528	0.865819055194725
530	0.865734484560368
532	0.866944537239109
534	0.866037482859538
536	0.86842533341059
538	0.86922781428624
540	0.870119924358992
542	0.869583485263764
544	0.870365207410532
546	0.87085859998324
548	0.871354012126498
550	0.871645322874846
552	0.873069399351845
554	0.872998483003454
556	0.873543293134071
558	0.873710283971481
560	0.874592270881535
562	0.874299753563541
564	0.875164502289521
566	0.876438519525215
568	0.876364542305845
570	0.876945454268093
572	0.877984280836835
574	0.878644985571758
576	0.878842790489975
578	0.879432799883656
580	0.881329773518052
582	0.881990645782219
584	0.882735019459076
586	0.883277731101213
588	0.884354219152576
590	0.885318004206587
592	0.885746498984675
594	0.88662723111259
596	0.886919440603819
598	0.888183292497201
600	0.889790643089873
602	0.891028117242185
604	0.890966072817086
606	0.89187095707648
608	0.892312550052793
610	0.893785666831747
612	0.894411931857257
614	0.895271909250032
616	0.897040230418512
618	0.89750660450176
620	0.898861963624816
622	0.900068205999992
624	0.901051817159837
626	0.901598473749038
628	0.903462194684778
630	0.903996182980676
632	0.90480258454525
634	0.905672312453577
636	0.906998406515739
638	0.908069240962417
640	0.908750889697452
642	0.909616415702498
644	0.910679048774415
646	0.911383432719711
648	0.912330849005133
650	0.912840385699642
652	0.913478490113304
654	0.91466283489676
656	0.915204337090225
658	0.915361121071363
660	0.916087356180602
662	0.917837070165227
664	0.917870629498445
666	0.918835463483958
668	0.919909376935076
670	0.920237144251282
672	0.92069955624137
674	0.922651455986458
676	0.921571075576855
678	0.923949224899776
680	0.925061480071714
682	0.924882720729256
684	0.926013027637415
686	0.927284710051528
688	0.92736702495444
690	0.928676910409849
692	0.928793537457575
694	0.930177856726003
696	0.930958311156785
698	0.930823798727141
700	0.931500901870624
702	0.930603686879956
704	0.930941408954482
706	0.931911950666375
708	0.933183856413433
710	0.933225365739778
712	0.93349448562448
714	0.935005368794546
716	0.935513309666739
718	0.936092715721939
720	0.936931622888789
722	0.937153916164333
724	0.937632555713671
726	0.937902321144731
728	0.938766666276921
730	0.939135802480258
732	0.939601677164742
734	0.939670532089039
736	0.940297973673732
738	0.941368541493125
740	0.941449704870951
742	0.941636957881692
744	0.942513101578853
746	0.942997987567083
748	0.943033263441779
750	0.943723566318392
752	0.943797684971741
754	0.944421865348814
756	0.944928952777966
758	0.945848765683602
760	0.945362492572546
762	0.945333163680541
764	0.944768458212454
766	0.945251953498644
768	0.944973588986647
770	0.944698279917491
772	0.945281628814294
774	0.943908845461665
776	0.944994927377732
778	0.944414310806365
780	0.9451765797479
782	0.945385904448628
784	0.945375292641705
786	0.945854721107172
788	0.946122746437147
790	0.945504188101568
792	0.944233969915674
794	0.944222592806637
796	0.94290563334378
798	0.942221915127625
800	0.941538196911471
802	0.940183290137247
804	0.939660234734473
806	0.938916450404642
808	0.938006619972061
810	0.937400662252211
812	0.936255143693603
814	0.935679666833199
816	0.934862028262898
818	0.933812302437863
820	0.932988009751273
822	0.931135829948786
824	0.929385494413919
826	0.927589633684984
828	0.925959812587385
830	0.923917794960983
832	0.922257010767918
834	0.92023990168575
836	0.918145202550773
838	0.916176929540526
840	0.913639072143379
842	0.911595472367091
844	0.90896526192562
846	0.906637824765189
848	0.903862794225332
850	0.901005964392452
852	0.896970333522619
854	0.892012926522476
856	0.884732237516071
858	0.873191134317751
860	0.855217687084411
862	0.828838324414604
864	0.792363450057655
866	0.745042762601631
868	0.689229650277604
870	0.624373089145067
872	0.557716195287436
874	0.484786663073888
876	0.412063319109211
878	0.341315562992082
880	0.275689339170716
882	0.211681913342621
884	0.158830831473531
886	0.112920190055835
888	0.0788911083233314
890	0.0525872071814866
892	0.0364888704063587
894	0.0248990418276788
896	0.0176164851321122
898	0.0125894342039208
900	0.00929023049803465
