320	0.163614870351193
322	0.159137383547507
324	0.161458850675876
326	0.161127446178498
328	0.161632320373026
330	0.169280224897635
332	0.169185999655688
334	0.169927153904651
336	0.172123484939076
338	0.177152424283637
340	0.179346103137109
342	0.181989601178944
344	0.185650121030329
346	0.192672321401018
348	0.199479702694739
350	0.20911985627889
352	0.215229265203075
354	0.21713439741004
356	0.223483504630413
358	0.228668951080059
360	0.234938133137966
362	0.243104806422594
364	0.247266393987949
366	0.253377923269428
368	0.260565784529921
370	0.266039135916182
372	0.281639454208584
374	0.294081597378272
376	0.304738482770242
378	0.316851853700982
380	0.326205480815741
382	0.33773712962748
384	0.347239358698996
386	0.360965913109875
388	0.370881084336857
390	0.382375554222325
392	0.390340766420111
394	0.401419395276619
396	0.408077225540727
398	0.414519362918526
400	0.424549275938861
402	0.429624426283647
404	0.436106167155596
406	0.441069668392358
408	0.445018695494478
410	0.448982166403625
412	0.454606006757823
414	0.456212533526116
416	0.458250010958213
418	0.460195210169689
420	0.463791614324672
422	0.464993302415703
424	0.468890231378072
426	0.470846633581976
428	0.472964912159607
430	0.477319235755975
432	0.480353597821445
434	0.485456803099369
436	0.4877038715452
438	0.493593469866107
440	0.498407444172426
442	0.499834129776485
444	0.502353508522677
446	0.504923361973079
448	0.509621050386042
450	0.512210415172481
452	0.514995358547703
454	0.518707937664759
456	0.521756233939246
458	0.524106533288777
460	0.526318847756639
462	0.528515220721131
464	0.531138549110024
466	0.534186839113924
468	0.537388683768932
470	0.540470813266465
472	0.542453451192893
474	0.545372085402738
476	0.547777603367758
478	0.550281539309391
480	0.550898297304882
482	0.556711267405906
484	0.557601142180226
486	0.559553501584535
488	0.561372215640775
490	0.563914218525489
492	0.564656233607572
494	0.566730814924793
496	0.567734145217261
498	0.569920346820734
500	0.570468453976464
502	0.571525765937425
504	0.573140417447753
506	0.573161495850615
508	0.574319120805253
510	0.575424328597252
512	0.576631714344687
514	0.577184847151504
516	0.577544018232814
518	0.577174729900561
520	0.578516024050667
522	0.578266098419557
524	0.578729580908207
526	0.57883508456318
528	0.57829999243918
530	0.57787396724011
532	0.578372122970245
534	0.577573172504077
536	0.578504106356751
538	0.578492717691475
540	0.578879597135304
542	0.578459192262424
544	0.57899621694315
546	0.578955670431047
548	0.57898048028839
550	0.578940715705793
552	0.579735470077193
554	0.579257139409328
556	0.579326683081807
558	0.579345898634182
560	0.579637829465924
562	0.579377753268632
564	0.579591772579504
566	0.580213499345243
568	0.58013270023025
570	0.580134612655593
572	0.580711463267897
574	0.580715465591221
576	0.580810197061147
578	0.581053814208844
580	0.581852210421932
582	0.582420512854089
584	0.582545258842626
586	0.582366211387953
588	0.583016390287543
590	0.583412530115638
592	0.583595612815145
594	0.584029616892953
596	0.584013629713995
598	0.584433554824039
600	0.585311053900689
602	0.586245012876968
604	0.585841698333724
606	0.585930335994922
608	0.585993426469057
610	0.586838111762432
612	0.586944669542171
614	0.586949020101479
616	0.587796262135447
618	0.587789170549469
620	0.588421555963013
622	0.588760741061414
624	0.589038838902118
626	0.589119120816405
628	0.590143472744633
630	0.590228993605843
632	0.590665453400176
634	0.590886578225268
636	0.591542236411813
638	0.591647759488589
640	0.592065636046485
642	0.592419930323037
644	0.592866991958787
646	0.593217111174803
648	0.593439546991566
650	0.593445291547764
652	0.593847253920634
654	0.594537801115984
656	0.594683456782705
658	0.59463534951481
660	0.595124690651689
662	0.595881872093591
664	0.595572264395674
666	0.596170037532147
668	0.596480572778692
670	0.596604799519918
672	0.596663792242694
674	0.597586840625192
676	0.596864377496468
678	0.598287492968207
680	0.598560145862525
682	0.598749097558005
684	0.599020989186728
686	0.599509754241832
688	0.599416168396966
690	0.600114858376181
692	0.599986885958657
694	0.600721750584918
696	0.600783604279691
698	0.600634038171261
700	0.600965807498489
702	0.60053461053608
704	0.600915325326359
706	0.601568810472137
708	0.602448362902345
710	0.602646460936267
712	0.602964462705677
714	0.603904439071417
716	0.604147165125987
718	0.604111089683349
720	0.603869488156936
722	0.603356910930944
724	0.602593999010999
726	0.60197074644217
728	0.601807377299257
730	0.601482495797025
732	0.601540690083851
734	0.601256937104688
736	0.601913095951818
738	0.602431016599565
740	0.603085589524022
742	0.603389205962017
744	0.604226586835012
746	0.604742949314103
748	0.60554896922112
750	0.606204479882479
752	0.60664996941972
754	0.607261584646873
756	0.608136325972018
758	0.608830908892931
760	0.609319823220656
762	0.609894161444845
764	0.610371843786157
766	0.611127096504543
768	0.611558199020428
770	0.61154856836125
772	0.612399853529645
774	0.612027834741976
776	0.613079389675769
778	0.6133171922145
780	0.614073692502709
782	0.614653985823833
784	0.615051329117972
786	0.616136753250328
788	0.616726783200698
790	0.617292272107014
792	0.617304951179914
794	0.617451049463164
796	0.617031539917524
798	0.617071767545574
800	0.617111995173625
802	0.617670757865894
804	0.617560345319218
806	0.617685027950691
808	0.617689614760772
810	0.617900185613108
812	0.61791452685871
814	0.61804422458825
816	0.617973840817823
818	0.617846036814334
820	0.617781536235637
822	0.617171611136787
824	0.616485475030075
826	0.615759511045094
828	0.615089281788488
830	0.61445562712897
832	0.613948603133265
834	0.6133916658908
836	0.612775737732435
838	0.61227675610036
840	0.61140054979931
842	0.61071728613753
844	0.609749259525314
846	0.608849456555708
848	0.607682572659813
850	0.606256071969557
852	0.603987106711399
854	0.600971302412172
856	0.596266122524703
858	0.588673243689664
860	0.576674867946799
862	0.558883263274308
864	0.53463189349181
866	0.502708828537841
868	0.465556517542817
870	0.421790189628685
872	0.377194629990556
874	0.328072966631478
876	0.279232651129958
878	0.231632883741596
880	0.187583591782319
882	0.14453619623569
884	0.108924015665856
886	0.0778986016351467
888	0.0548032065386401
890	0.0373139245400795
892	0.0251908784670829
894	0.017327728803765
896	0.0121535803570415
898	0.00857506487026712
900	0.00623685691340697
