320	0.153632921479385
322	0.151764094923318
324	0.15150772774483
326	0.151138421247826
328	0.151135460764949
330	0.154889073157413
332	0.157178240668921
334	0.157123581181357
336	0.161377547192075
338	0.165657567915096
340	0.168225178640022
342	0.170017467632152
344	0.174482440634622
346	0.179968674163841
348	0.186231053234538
350	0.194280999926737
352	0.200176371172932
354	0.20106305099339
356	0.206737439253458
358	0.211269122678113
360	0.217620300066099
362	0.22548601667422
364	0.230609385068311
366	0.237817566060663
368	0.243678131905171
370	0.249370229023472
372	0.265681602840175
374	0.275498233698623
376	0.287274672994317
378	0.298235784586981
380	0.307976179235674
382	0.319107958064682
384	0.329289061106735
386	0.342460570823706
388	0.352908137441345
390	0.363690061667847
392	0.372161690764269
394	0.382828515747144
396	0.3914955043984
398	0.397172015606337
400	0.409094127358256
402	0.413851593184868
404	0.420887665567546
406	0.427025297294556
408	0.431836871702465
410	0.43578347782472
412	0.441830606302786
414	0.443353137845275
416	0.445798730938891
418	0.448834169078879
420	0.452423543016557
422	0.454136611439407
424	0.458087373072488
426	0.459811783799969
428	0.461888097762105
430	0.46638273357781
432	0.469656977871182
434	0.474797214416835
436	0.477006908498634
438	0.483352021231883
440	0.487786867599437
442	0.490003389178447
444	0.492594973795786
446	0.495409171885707
448	0.500177954594892
450	0.502753579029281
452	0.506296795274499
454	0.510266115640983
456	0.513714136508658
458	0.516423991613515
460	0.51876641451139
462	0.521631436120092
464	0.524623196879664
466	0.527858321189549
468	0.531617027488689
470	0.534954584504215
472	0.536647510971411
474	0.540048571122221
476	0.542884861478206
478	0.54551622549723
480	0.546376345619239
482	0.551976846052478
484	0.553595597251485
486	0.555878486917631
488	0.557807546561162
490	0.561024543039757
492	0.561867165014278
494	0.563987127662033
496	0.565434816026835
498	0.567561651671315
500	0.568385945626586
502	0.569567281596705
504	0.571516579050325
506	0.571516565856784
508	0.573096400072167
510	0.573933578902988
512	0.575303871969397
514	0.576069050735071
516	0.57667234454259
518	0.576185452498712
520	0.577582263490183
522	0.577521656296002
524	0.578041070089056
526	0.578321818147432
528	0.577926328437983
530	0.577622719572552
532	0.57829087351304
534	0.577451002556355
536	0.578460226102622
538	0.578575064175409
540	0.579003771525376
542	0.578581703319802
544	0.578875110742529
546	0.5791166554168
548	0.579253913470969
550	0.579328099279531
552	0.57996322001547
554	0.57986161049971
556	0.579662948510726
558	0.579825880537239
560	0.58018607904832
562	0.579669958143081
564	0.580058284194035
566	0.580676100286042
568	0.580450490046612
570	0.580625717942631
572	0.581264393618735
574	0.581300271085361
576	0.581490424252261
578	0.581629136112237
580	0.582558358884785
582	0.582788789351934
584	0.583074816936653
586	0.583123730559588
588	0.583573271092874
590	0.583867119526297
592	0.583887871098266
594	0.584735925820492
596	0.584460131014585
598	0.585008281512411
600	0.585946863553734
602	0.586656017465631
604	0.586375437831908
606	0.586648552657482
608	0.58655172377814
610	0.587365322940799
612	0.587440323226021
614	0.58750403937885
616	0.588285526373881
618	0.588369501980196
620	0.588849828979389
622	0.589124079182766
624	0.589493506097565
626	0.589784577302723
628	0.590383835150934
630	0.59071171721266
632	0.59102435212891
634	0.591307339206681
636	0.59187141788168
638	0.592217437098919
640	0.592393551628053
642	0.592778407831401
644	0.593221977893582
646	0.59351559614371
648	0.593557505421203
650	0.593916471771096
652	0.59408258197704
654	0.594596561217632
656	0.594624775385449
658	0.594459580641466
660	0.594949176703196
662	0.595764887034051
664	0.595455707447618
666	0.596053854252956
668	0.596480572778692
670	0.596543939488751
672	0.596548180361373
674	0.597470778843893
676	0.596631967963269
678	0.598112547925325
680	0.598326368151115
682	0.598219854667708
684	0.598549903397677
686	0.599216866804363
688	0.599003190276483
690	0.599760093048557
692	0.599635072562713
694	0.600427781222448
696	0.600724619009455
698	0.600338514851499
700	0.600491537345898
702	0.600127541053376
704	0.600329569126151
706	0.600805488113661
708	0.601799728695156
710	0.601996403629058
712	0.60231550616508
714	0.603250077091689
716	0.603671702536354
718	0.603809804612308
720	0.603507138736434
722	0.602936316521538
724	0.602289334837661
726	0.601668016387847
728	0.601317978181959
730	0.601052053200458
732	0.600986206363885
734	0.600638649749922
736	0.601233497244818
738	0.601744537680661
740	0.602021778576632
742	0.602320419728272
744	0.60321528177937
746	0.603726417767476
748	0.604400402852274
750	0.605113645129309
752	0.605682058571125
754	0.606417390421708
756	0.607091800676106
758	0.607976215892787
760	0.608197463983583
762	0.608497398761863
764	0.608701961195272
766	0.609383082709785
768	0.610071996460694
770	0.61026351985002
772	0.610984866918992
774	0.610892360111847
776	0.612018512138446
778	0.612070381540209
780	0.612903898403526
782	0.613555242380718
784	0.613702834703212
786	0.614662324061575
788	0.615314524193958
790	0.615685371791607
792	0.61569231501999
794	0.616221256779146
796	0.616249510392823
798	0.616545912691868
800	0.616842314990913
802	0.617238484488162
804	0.617091486251049
806	0.617277173352095
808	0.617247953601387
810	0.617471426655013
812	0.617451170253425
814	0.617732431437654
816	0.617811742104146
818	0.617874442685928
820	0.618041850593237
822	0.617438511045027
824	0.616844456371881
826	0.616251171435624
828	0.615583430409949
830	0.614785409852701
832	0.614074964890639
834	0.613241103773981
836	0.612474826696953
838	0.611672032547731
840	0.610657268407901
842	0.610070403794306
844	0.60931116845413
846	0.608613773097905
848	0.607718391166744
850	0.60673868540677
852	0.605047179861373
854	0.60251914761178
856	0.598249393715369
858	0.591006328354909
860	0.57917325474576
862	0.561400171607843
864	0.536697126476541
866	0.504195885426146
868	0.466379536431905
870	0.421926371640077
872	0.376879264619045
874	0.327556807095096
876	0.278030552049009
878	0.230337154275971
880	0.185994403637747
882	0.142725241095042
884	0.10740910631387
886	0.076846212767035
888	0.0541537181914636
890	0.0370337697775094
892	0.025288443775207
894	0.0176025298052739
896	0.0124380113437786
898	0.00878101615211552
900	0.00633925545549873
