320	0.172862327328499
322	0.166944870657406
324	0.163840818428511
326	0.161935636779509
328	0.160658452327196
330	0.162603800083581
332	0.161989142398096
334	0.159360809805771
336	0.163124305771118
338	0.162698477993422
340	0.165148785565265
342	0.167057225214027
344	0.169024124343379
346	0.174403406957237
348	0.182305107168889
350	0.190396367140581
352	0.197335967928447
354	0.198634316664647
356	0.208232519140311
358	0.214592573536759
360	0.223301314878649
362	0.232847299463941
364	0.239928919122038
366	0.249290596696569
368	0.259189165647342
370	0.26736805254061
372	0.285115056103049
374	0.298445053597655
376	0.31113854780832
378	0.324892558237378
380	0.336457637900671
382	0.350338763449092
384	0.36286056809127
386	0.37832503435066
388	0.391206195423392
390	0.405076148409708
392	0.417696976877587
394	0.428871348226685
396	0.438398778095142
398	0.446305740419624
400	0.459906555622656
402	0.467116989214531
404	0.476979511553662
406	0.487461201973091
408	0.497437928359889
410	0.508265233386767
412	0.523044567774376
414	0.532956681899895
416	0.544865586055215
418	0.557203018065624
420	0.570843270328212
422	0.581212849090909
424	0.594741916788909
426	0.60256346339517
428	0.610729894572051
430	0.620090791177758
432	0.627470783307208
434	0.637018757241631
436	0.642000111571387
438	0.651835439326139
440	0.660368562069819
442	0.664410066685352
444	0.66971575922164
446	0.674611855231453
448	0.682231675073239
450	0.687010194590026
452	0.692566142341726
454	0.698836291975214
456	0.70436166666756
458	0.708465596343787
460	0.714499818331396
462	0.717793083568118
464	0.722196453290846
466	0.727037323496676
468	0.732398436738909
470	0.73737076890649
472	0.740357788427319
474	0.745179741473559
476	0.749570989093652
478	0.75334207529536
480	0.75457580626938
482	0.761051594445362
484	0.764379665592434
486	0.767186526810347
488	0.770056402098083
490	0.774157049933067
492	0.775366381447188
494	0.778600958390633
496	0.780211665651275
498	0.783687827557365
500	0.785056064371706
502	0.787094297860074
504	0.789845644629813
506	0.79024525703654
508	0.792934395406075
510	0.794852576815379
512	0.796939165217106
514	0.79873894962853
516	0.800023076063136
518	0.799861546395159
520	0.802394456032312
522	0.8031335729508
524	0.804185166445167
526	0.804980267341721
528	0.805153605588791
530	0.805214119673211
532	0.806507769940246
534	0.806418548371258
536	0.808831560278381
538	0.809708642503408
540	0.810910149672529
542	0.810600747915445
544	0.811662108716232
546	0.81228070426975
548	0.813051527852979
550	0.813307777817248
552	0.814845327412021
554	0.814823079043488
556	0.815373283994083
558	0.815826014791448
560	0.816531489931904
562	0.816610162636535
564	0.817614275132374
566	0.818874547617642
568	0.818922185383146
570	0.819834307343345
572	0.820883309013785
574	0.821565081415353
576	0.822029499459511
578	0.822465277338372
580	0.824223547327099
582	0.825058606610573
584	0.825786620742251
586	0.826408449362177
588	0.827380500217028
590	0.82840546077138
592	0.828902262917622
594	0.82971022174597
596	0.830250704107868
598	0.831462446362796
600	0.833153651273537
602	0.83438240417571
604	0.83415905783137
606	0.835010498193107
608	0.835457641629533
610	0.836928219317847
612	0.83737936254889
614	0.838095243111996
616	0.839635372338092
618	0.840265405425689
620	0.841438222690216
622	0.842501424001317
624	0.84380508391485
626	0.844242462309218
628	0.845914374355076
630	0.846766617594698
632	0.847397677354581
634	0.848119118212473
636	0.849413594720417
638	0.850337736319986
640	0.850912827119882
642	0.851826724158429
644	0.852769632727304
646	0.853443147348956
648	0.85400971805769
650	0.854779822653447
652	0.85530291743212
654	0.856440852073929
656	0.857001656495932
658	0.85713228536351
660	0.85782904204914
662	0.859587746176764
664	0.85942652191281
666	0.860343297320598
668	0.861378674069325
670	0.861558945202314
672	0.86203261130694
674	0.863698179601011
676	0.862835682101219
678	0.864998883870903
680	0.865921871130033
682	0.865782905648256
684	0.866757824955863
686	0.867951881271687
688	0.868348136840658
690	0.869424930864934
692	0.869460516839824
694	0.870743440463353
696	0.871448382464616
698	0.871252519006713
700	0.872167209622804
702	0.871290908644501
704	0.871626693414059
706	0.872499001127402
708	0.87368247847401
710	0.8735315318721
712	0.87385569004912
714	0.875096971545803
716	0.875733273150433
718	0.87611501788184
720	0.876954916634394
722	0.877138572542463
724	0.877404256946933
726	0.877853424895525
728	0.878487408986128
730	0.878783895731732
732	0.879159727945933
734	0.879224041117536
736	0.879891728793705
738	0.880886479790445
740	0.880828897705287
742	0.881171366324453
744	0.882053638022835
746	0.882606015026497
748	0.882551030922594
750	0.883232739126432
752	0.88344201338488
754	0.884041554195726
756	0.884507445250868
758	0.885372343237925
760	0.885039147651573
762	0.884875283659306
764	0.884474144034647
766	0.884838610996189
768	0.884566532088508
770	0.88413107611956
772	0.884574821707887
774	0.883616544422367
776	0.884556212333359
778	0.883778670140921
780	0.88481111165594
782	0.884704839647176
784	0.884891450886423
786	0.885191532024548
788	0.885708323641654
790	0.885425655135204
792	0.884522481746753
794	0.884285486938868
796	0.883112816976997
798	0.882370696680268
800	0.881628576383539
802	0.880859133590461
804	0.880166864346684
806	0.879656961194849
808	0.878813314186769
810	0.878362326755949
812	0.877129403924824
814	0.876640921883052
816	0.875935875059483
818	0.874843887594014
820	0.874065457612684
822	0.8723353147891
824	0.870542752427397
826	0.868728716877314
828	0.86708858790378
830	0.865238141094413
832	0.863588219289746
834	0.861704679311382
836	0.85982222267297
838	0.85778175439997
840	0.855577384841155
842	0.853552625024981
844	0.851114687302219
846	0.849062640944565
848	0.846495653746682
850	0.843864052935309
852	0.840171405102114
854	0.835635858631743
856	0.828492283280852
858	0.817245329634923
860	0.799711612812653
862	0.773948467420463
864	0.73842228973487
866	0.693012757447794
868	0.639820811233703
870	0.578412158374486
872	0.515588876033531
874	0.44732182925971
876	0.37910565530778
878	0.313322951102325
880	0.252802007997794
882	0.192768303313195
884	0.144487560374641
886	0.102258696045685
888	0.070665591105264
890	0.048084667663154
892	0.032918735803004
894	0.022426631088631
896	0.0158271245469221
898	0.0111824502746058
900	0.00814262505001345
