320	0.194422724815026
322	0.187716861528708
324	0.186733260729005
326	0.184473082411809
328	0.181674684525767
330	0.184180571372291
332	0.187105975853496
334	0.184214233058187
336	0.187377837466775
338	0.188250676621343
340	0.194506595893588
342	0.194501756701901
344	0.198731448907953
346	0.205466803217385
348	0.214978234530126
350	0.225716046510493
352	0.233164922195402
354	0.236331064995749
356	0.245338177707997
358	0.253309083449674
360	0.265725605443378
362	0.277634741443184
364	0.28521983825025
366	0.297084480325009
368	0.309056794323124
370	0.31758041307859
372	0.338484243524408
374	0.354015646572911
376	0.368913342864241
378	0.384533081366225
380	0.399653611894417
382	0.413749794807201
384	0.428028060328077
386	0.445644494699578
388	0.460699425043389
390	0.475322462325005
392	0.486076688580077
394	0.50078985482669
396	0.510623087735855
398	0.518504761380296
400	0.534033608781941
402	0.541241712995733
404	0.550829182794136
406	0.562222567151793
408	0.571929014519356
410	0.582945727828192
412	0.598397571408883
414	0.607994917489823
416	0.620715080446324
418	0.633277346571545
420	0.647104578702747
422	0.656872013161343
424	0.670394201912126
426	0.67865525078268
428	0.687084600846212
430	0.696595710907482
432	0.704535018446739
434	0.714012327419527
436	0.718830180543021
438	0.729336592905122
440	0.737545011212035
442	0.740998898172708
444	0.746038244126907
446	0.750473532330391
448	0.758350636970696
450	0.762586728065022
452	0.76796950677489
454	0.776560703969295
456	0.779781104589387
458	0.783602608899961
460	0.787495131730919
462	0.791624456373605
464	0.795975915146579
466	0.800563332199721
468	0.806125828202869
470	0.811049023452518
472	0.813558409513365
474	0.818159783777457
476	0.82220173001309
478	0.825477065489745
480	0.826596844121238
482	0.832339211751919
484	0.835562234603822
486	0.837889945853847
488	0.840459989559518
490	0.844651062203903
492	0.845587159858908
494	0.848578048768463
496	0.850305278940662
498	0.853534498266818
500	0.854284591945493
502	0.856182267558963
504	0.859005188179304
506	0.859018996778635
508	0.861088232570423
510	0.863285567865305
512	0.864858054053527
514	0.866504006551117
516	0.86735384878703
518	0.866938340948255
520	0.86962521638716
522	0.869568139495497
524	0.871228907460025
526	0.871294288256355
528	0.871186628670729
530	0.87077676533688
532	0.872165883936336
534	0.87110121655477
536	0.873528606965759
538	0.874268285908131
540	0.87534809436855
542	0.874821889096447
544	0.875622886947853
546	0.875898668383365
548	0.87649210730362
550	0.876879036365868
552	0.878023959412605
554	0.877893513598116
556	0.878164987750154
558	0.878730739844592
560	0.879346323204405
562	0.878785288129764
564	0.879758136816479
566	0.880993646530992
568	0.880946628030139
570	0.881629279319099
572	0.882633261023485
574	0.882984097941857
576	0.883622281543329
578	0.883971450454871
580	0.885368942725574
582	0.886406456361143
584	0.887253682932447
586	0.887501159907452
588	0.888616763588444
590	0.889491340074366
592	0.890218730386854
594	0.891331451338117
596	0.891528811173069
598	0.892453645449175
600	0.8944243972105
602	0.895578998695682
604	0.895743370794657
606	0.896249127142768
608	0.896547120870812
610	0.898380865497515
612	0.899106063804308
614	0.899579762362188
616	0.901337386723175
618	0.901726030815775
620	0.902946537616825
622	0.904080861217373
624	0.905236027154305
626	0.906012668441616
628	0.907624259509679
630	0.908328075217014
632	0.909068442242045
634	0.910284983212494
636	0.911243279946209
638	0.912069504621765
640	0.912860764986441
642	0.913659418557704
644	0.914776956583094
646	0.915475164168485
648	0.91617691464511
650	0.916978712003254
652	0.917435717167091
654	0.918732745095148
656	0.919210114576604
658	0.919477813104937
660	0.920259661447416
662	0.922005432549899
664	0.921965459120929
666	0.923149532087612
668	0.924097549492647
670	0.924068283213199
672	0.92400666453073
674	0.925913402892461
676	0.925014406292405
678	0.927460402602542
680	0.928755783116495
682	0.928990507116153
684	0.929772476973563
686	0.930990506891921
688	0.931364283329562
690	0.932619432920309
692	0.932620279659073
694	0.934073724382309
696	0.934804771673745
698	0.934740260406933
700	0.935369947852286
702	0.934689685071005
704	0.935152106665924
706	0.936020964168656
708	0.937189944826402
710	0.937240243489538
712	0.937583843346808
714	0.938810016305246
716	0.939632942762442
718	0.940285599627248
720	0.940655944758644
722	0.941075247500149
724	0.941266310697754
726	0.941426736303488
728	0.94224363909067
730	0.942688560031028
732	0.943167136433823
734	0.94318926693004
736	0.943770755583183
738	0.944735557142988
740	0.945081108907415
742	0.945097318249588
744	0.945991327819407
746	0.946430864593396
748	0.946673180768119
750	0.947191343465814
752	0.947347819517812
754	0.947798642249471
756	0.948651572439132
758	0.949264091341435
760	0.948729570283767
762	0.948987039128043
764	0.948440799591571
766	0.94881396955218
768	0.948685556808458
770	0.948479083801774
772	0.948849088822697
774	0.947585119804273
776	0.948511475542434
778	0.948092746718361
780	0.948754171613916
782	0.948868075976038
784	0.948583431473827
786	0.949186460868547
788	0.949202816080419
790	0.948974014778441
792	0.947908887118687
794	0.947786273816402
796	0.94642305871689
798	0.945696681513882
800	0.944970304310874
802	0.943676852570006
804	0.943212743095139
806	0.94242866516774
808	0.941476291891231
810	0.94092529872676
812	0.940109478418563
814	0.939303930094242
816	0.938442223161565
818	0.937437421186197
820	0.936479674001109
822	0.934844040754627
824	0.932956887903855
826	0.931283470409313
828	0.929348754159693
830	0.927424625990874
832	0.925798229332209
834	0.923729992118983
836	0.921905025136124
838	0.919882473258888
840	0.917601971874295
842	0.915501683670556
844	0.913193097041529
846	0.910952568693817
848	0.908335636036609
850	0.905558058252436
852	0.901665843865657
854	0.896635438940643
856	0.889145583034657
858	0.877194532231125
860	0.858960637106445
862	0.832331717670611
864	0.795420367254992
866	0.747421066530946
868	0.691652258945872
870	0.625964282594537
872	0.559243232619712
874	0.486131273962469
876	0.413119566469045
878	0.342438685043271
880	0.277050822520671
882	0.212466747586212
884	0.159622057976758
886	0.113715670829147
888	0.0794115289025774
890	0.0531898324804198
892	0.0368887211307456
894	0.025080377119432
896	0.0177007356269601
898	0.0125593232827029
900	0.00916091773353929
