0.00087890625
0.008203125
0.01572265625
0.01845703125
0.02021484375
0.02158203125
0.0220703125
0.0216796875
0.02275390625
0.0232421875
0.02353515625
0.02333984375
0.0236328125
0.0234375
0.02373046875
0.0236328125
0.02373046875
0.02392578125
0.02255859375
0.02392578125
0.02373046875
0.02373046875
0.023828125
0.0240234375
0.02392578125
0.0240234375
0.02421875
0.02392578125
0.02392578125
0.0240234375
0.0240234375
0.02412109375
0.02392578125
0.0240234375
0.02412109375
0.0240234375
0.0240234375
0.0240234375
0.02421875
0.0240234375
0.0240234375
0.02392578125
0.0240234375
0.02412109375
0.0240234375
0.0244140625
0.02392578125
0.0240234375
0.0240234375
0.02392578125
0.023828125
0.0240234375
0.02373046875
0.02373046875
0.02392578125
0.0240234375
0.02373046875
0.02392578125
0.0240234375
0.02392578125
0.02392578125
0.02373046875
0.023828125
0.023828125
0.023828125
0.02392578125
0.023828125
0.023828125
0.02373046875
0.023828125
0.02373046875
0.02373046875
0.024609375
0.0236328125
0.023828125
0.0236328125
0.0236328125
0.0236328125
0.0236328125
0.02373046875
0.02333984375
0.0236328125
0.02353515625
0.02353515625
0.0236328125
0.0234375
0.02353515625
0.02353515625
0.0234375
0.02353515625
0.0234375
0.0236328125
0.0234375
0.0234375
0.02353515625
0.02353515625
0.02353515625
0.0234375
0.02333984375
0.0244140625
0.02333984375
0.02333984375
0.0234375
0.02333984375
0.02333984375
0.0234375
0.0232421875
0.023046875
0.02333984375
0.02333984375
0.02314453125
0.02314453125
0.023046875
0.02314453125
0.02314453125
0.023046875
0.02314453125
0.0232421875
0.023046875
0.02314453125
0.023046875
0.023046875
0.023046875
0.023046875
0.02294921875
0.02294921875
0.02314453125
0.023046875
0.023046875
0.023046875
0.023046875
0.0232421875
0.0228515625
0.023046875
0.023046875
0.0228515625
0.02294921875
0.02294921875
0.0228515625
0.02265625
0.02294921875
0.0228515625
0.02255859375
0.0228515625
0.0228515625
0.02275390625
0.0228515625
0.02275390625
0.0228515625
0.02265625
0.02265625
0.0228515625
0.02265625
0.02265625
0.02265625
0.0228515625
0.0228515625
0.02265625
0.0228515625
0.02275390625
0.02255859375
0.02177734375
0.02255859375
0.02265625
0.02265625
0.0224609375
0.0224609375
0.02255859375
0.02255859375
0.02197265625
0.0224609375
0.0224609375
0.0224609375
0.02236328125
0.02255859375
0.0224609375
0.02236328125
0.022265625
0.02265625
0.02236328125
0.02236328125
0.022265625
0.022265625
0.022265625
0.0224609375
0.02265625
0.0224609375
0.022265625
0.0224609375
0.02236328125
0.0224609375
0.022265625
0.02236328125
0.02236328125
0.02236328125
0.022265625
0.0232421875
0.022265625
0.022265625
0.022265625
0.022265625
0.02216796875
0.02236328125
0.022265625
0.02265625
0.022265625
0.022265625
0.02216796875
0.022265625
0.022265625
0.02216796875
0.02216796875
0.02197265625
0.02216796875
0.0220703125
0.022265625
0.02216796875
0.0220703125
0.02216796875
0.02216796875
0.0220703125
0.0220703125
0.0220703125
0.0220703125
0.02216796875
0.021875
0.02197265625
0.02216796875
0.02216796875
0.02197265625
0.0220703125
0.02236328125
0.0220703125
0.02197265625
0.02197265625
0.02197265625
0.0220703125
0.0220703125
0.021875
0.02236328125
0.02197265625
0.02197265625
0.02197265625
0.02197265625
0.0220703125
0.02197265625
0.02197265625
0.02158203125
0.02197265625
0.02197265625
0.021875
0.021875
0.021875
0.02177734375
0.02197265625
0.02197265625
0.021875
0.021875
0.02197265625
0.02197265625
0.021875
0.02197265625
0.021875
0.02197265625
0.021875
0.02197265625
0.02265625
0.021875
0.021875
0.02197265625
0.02197265625
0.021875
0.02197265625
0.021875
0.021875
0.021875
0.021875
0.02177734375
0.0216796875
0.0216796875
0.021875
0.021875
0.021484375
0.0216796875
0.02177734375
0.021875
0.021875
0.02177734375
0.021875
0.021875
0.02216796875
0.021875
0.021875
0.021875
0.02177734375
0.021875
0.021875
0.021875
0.02138671875
0.021875
0.021875
0.021484375
0.021875
0.02197265625
0.02177734375
0.02177734375
0.02197265625
0.02197265625
0.021875
0.02275390625
0.021875
0.02197265625
0.021875
0.021875
0.0216796875
0.021875
0.02177734375
0.02119140625
0.02177734375
0.02177734375
0.02177734375
0.02177734375
0.02197265625
0.021875
0.02177734375
0.02197265625
0.02177734375
0.0216796875
0.02177734375
0.0216796875
0.02177734375
0.02177734375
0.02177734375
0.02177734375
0.02177734375
0.02177734375
0.0216796875
0.02177734375
0.021875
0.0216796875
0.02177734375
0.0216796875
0.02177734375
0.02177734375
0.02080078125
0.0216796875
0.02177734375
0.0216796875
0.0216796875
0.02177734375
0.0216796875
0.0216796875
0.02216796875
0.0216796875
0.02158203125
0.02158203125
0.0216796875
0.021484375
0.02158203125
0.021484375
0.0216796875
0.021484375
0.021484375
0.021484375
0.02158203125
0.02158203125
0.02158203125
0.02158203125
0.02138671875
0.02158203125
0.02158203125
0.02158203125
0.02138671875
0.021484375
0.021484375
0.02138671875
0.02138671875
0.02158203125
0.02138671875
0.021875
0.02138671875
0.021484375
0.021484375
0.02138671875
0.0212890625
0.0212890625
0.021484375
0.02138671875
0.02138671875
0.02138671875
0.021484375
0.0212890625
0.02109375
0.02138671875
0.02138671875
0.020703125
0.02138671875
0.02119140625
0.02138671875
0.02119140625
0.02138671875
0.02119140625
0.02138671875
0.021484375
0.0212890625
0.02138671875
0.0212890625
0.0212890625
0.0212890625
0.02119140625
0.0212890625
0.02099609375
0.02119140625
0.0212890625
0.0212890625
0.0212890625
0.02119140625
0.02099609375
0.02138671875
0.02119140625
0.02119140625
0.02119140625
0.02099609375
0.02119140625
0.02119140625
0.02109375
0.02109375
0.02109375
0.02099609375
0.02119140625
0.020703125
0.02119140625
0.02109375
0.0208984375
0.02109375
0.02119140625
0.02119140625
0.02099609375
0.02109375
0.02109375
0.02099609375
0.0208984375
0.0208984375
0.02099609375
0.02099609375
0.02099609375
0.0208984375
0.0208984375
0.02099609375
0.02099609375
0.02080078125
0.02080078125
0.02099609375
0.0208984375
0.020703125
0.02099609375
0.02080078125
0.0203125
0.020703125
0.0208984375
0.02099609375
0.020703125
0.02080078125
0.0208984375
0.02080078125
0.02021484375
0.02080078125
0.02099609375
0.02080078125
0.02080078125
0.0208984375
0.02080078125
0.02080078125
0.0208984375
0.0208984375
0.02080078125
0.02080078125
0.02060546875
0.02080078125
0.020703125
0.020703125
0.02041015625
0.02080078125
0.02080078125
0.02060546875
0.020703125
0.020703125
0.02060546875
0.020703125
0.02060546875
0.020703125
0.020703125
0.020703125
0.02060546875
0.02060546875
0.02060546875
0.020703125
0.0205078125
0.0205078125
0.0205078125
0.0208984375
0.0205078125
0.02041015625
0.02060546875
0.020703125
0.0205078125
0.0205078125
0.02041015625
0.02041015625
0.02060546875
0.02041015625
0.02041015625
0.02041015625
0.02041015625
0.02041015625
0.02041015625
0.0203125
0.02041015625
0.02041015625
0.0197265625
0.0205078125
0.02041015625
0.02041015625
0.0203125
0.02041015625
0.02041015625
0.0203125
0.02001953125
0.0203125
0.0203125
0.0203125
0.02041015625
0.0203125
0.0203125
0.0203125
0.0203125
0.02041015625
0.0203125
0.02021484375
0.0203125
0.0203125
0.02021484375
0.0203125
0.0203125
0.0203125
0.02021484375
0.02021484375
0.02021484375
0.02021484375
0.02021484375
0.0201171875
0.02001953125
0.0201171875
0.02021484375
0.01923828125
0.0201171875
0.02021484375
0.02021484375
0.0201171875
0.02021484375
0.0201171875
0.02001953125
0.02001953125
0.019921875
0.02001953125
0.0201171875
0.0201171875
0.0201171875
0.019921875
0.02001953125
0.0205078125
0.0201171875
0.02001953125
0.02001953125
0.0201171875
0.019921875
0.02001953125
0.02001953125
0.02001953125
0.02001953125
0.02001953125
0.019921875
0.02001953125
0.02001953125
0.01982421875
0.02001953125
0.01982421875
0.02001953125
0.019921875
0.019921875
0.0197265625
0.01982421875
0.019921875
0.01982421875
0.0197265625
0.0197265625
0.0197265625
0.02060546875
0.0197265625
0.019921875
0.01982421875
0.01982421875
0.01953125
0.0197265625
0.01962890625
0.01923828125
0.01962890625
0.01962890625
0.0197265625
0.01982421875
0.01953125
0.0197265625
0.0197265625
0.02001953125
0.01982421875
0.01962890625
0.01962890625
0.01953125
0.0197265625
0.0197265625
0.01962890625
0.01982421875
0.01962890625
0.01962890625
0.01962890625
0.0197265625
0.01962890625
0.01962890625
0.01953125
0.01953125
0.0197265625
0.01953125
0.018359375
0.01962890625
0.01953125
0.01943359375
0.01953125
0.01943359375
0.0197265625
0.01943359375
0.019921875
0.01943359375
0.01943359375
0.01953125
0.01953125
0.0193359375
0.01943359375
0.01953125
0.01904296875
0.0193359375
0.01943359375
0.01943359375
0.0193359375
0.01923828125
0.01943359375
0.0193359375
0.019140625
0.0193359375
0.01923828125
0.0193359375
0.0193359375
0.0193359375
0.01923828125
0.01923828125
0.01953125
0.01923828125
0.01923828125
0.0197265625
0.0193359375
0.0193359375
0.01923828125
0.0193359375
0.019140625
0.019140625
0.01923828125
0.01826171875
0.019140625
0.01904296875
0.019140625
0.019140625
0.01923828125
0.019140625
0.019140625
0.01962890625
0.01904296875
0.01904296875
0.01904296875
0.0189453125
0.01904296875
0.01884765625
0.019140625
0.01875
0.01904296875
0.0189453125
0.019140625
0.01904296875
0.01904296875
0.01904296875
0.01904296875
0.0189453125
0.0189453125
0.0189453125
0.01904296875
0.01884765625
0.01884765625
0.01904296875
0.0189453125
0.01904296875
0.01884765625
0.01884765625
0.02001953125
0.0189453125
0.01884765625
0.0189453125
0.01884765625
0.01884765625
0.01884765625
0.01884765625
0.01845703125
0.01875
0.0189453125
0.01875
0.01875
0.01875
0.0189453125
0.01875
0.01923828125
0.01875
0.01875
0.01875
0.0185546875
0.01875
0.01865234375
0.01884765625
0.01845703125
0.01875
0.01875
0.01865234375
0.01865234375
0.01865234375
0.01865234375
0.01865234375
0.01884765625
0.01865234375
0.01865234375
0.01884765625
0.01865234375
0.0185546875
0.01875
0.0185546875
0.018359375
0.01865234375
0.0185546875
0.017578125
0.01845703125
0.0185546875
0.0185546875
0.01845703125
0.01875
0.0185546875
0.0185546875
0.0189453125
0.01865234375
0.018359375
0.0185546875
0.01845703125
0.0185546875
0.018359375
0.01845703125
0.01845703125
0.01845703125
0.01826171875
0.01845703125
0.018359375
0.01845703125
0.01845703125
0.018359375
0.0181640625
0.01845703125
0.018359375
0.01826171875
0.01826171875
0.01845703125
0.01826171875
0.01826171875
0.01826171875
0.018359375
0.01826171875
0.01865234375
0.018359375
0.01826171875
0.01826171875
0.01826171875
0.01826171875
0.0181640625
0.0181640625
0.01806640625
0.0181640625
0.01826171875
0.0181640625
0.01806640625
0.01806640625
0.01806640625
0.01806640625
0.0177734375
0.01806640625
0.01806640625
0.01806640625
0.01806640625
0.0181640625
0.01806640625
0.0181640625
0.0181640625
0.01796875
0.01806640625
0.01796875
0.0181640625
0.01796875
0.01796875
0.01806640625
0.01767578125
0.01796875
0.01787109375
0.01748046875
0.01796875
0.01796875
0.01796875
0.0177734375
0.01787109375
0.0177734375
0.01787109375
0.01826171875
0.01787109375
0.01787109375
0.01787109375
0.01806640625
0.01767578125
0.0177734375
0.01787109375
0.01728515625
0.01787109375
0.0177734375
0.01787109375
0.0177734375
0.01787109375
0.0177734375
0.01787109375
0.01796875
0.01767578125
0.01767578125
0.0177734375
0.0177734375
0.01767578125
0.0177734375
0.0177734375
0.01728515625
0.0177734375
0.017578125
0.0173828125
0.017578125
0.017578125
0.01748046875
0.0177734375
0.01767578125
0.01748046875
0.01748046875
0.01669921875
0.017578125
0.01748046875
0.01748046875
0.017578125
0.01767578125
0.01748046875
0.01748046875
0.01708984375
0.01748046875
0.01748046875
0.01748046875
0.01748046875
0.017578125
0.01748046875
0.0173828125
0.0173828125
0.0173828125
0.01748046875
0.0173828125
0.0173828125
0.017578125
0.01748046875
0.01728515625
0.0169921875
0.01728515625
0.01748046875
0.01728515625
0.01728515625
0.0173828125
0.01728515625
0.0173828125
0.0171875
0.01728515625
0.0171875
0.0166015625
0.01728515625
0.01728515625
0.0173828125
0.01728515625
0.0171875
0.01728515625
0.0171875
0.016796875
0.0171875
0.0171875
0.0171875
0.0171875
0.01728515625
0.01708984375
0.0171875
0.01708984375
0.0171875
0.0171875
0.01708984375
0.01708984375
0.0171875
0.0169921875
0.01708984375
0.01728515625
0.0169921875
0.0169921875
0.0177734375
0.01708984375
0.0169921875
0.01708984375
0.0169921875
0.01689453125
0.0169921875
0.0169921875
0.01728515625
0.01708984375
0.01689453125
0.01689453125
0.0169921875
0.01708984375
0.01689453125
0.01689453125
0.01689453125
0.0169921875
0.016796875
0.016796875
0.016796875
0.01689453125
0.01689453125
0.016796875
0.016796875
0.01669921875
0.01669921875
0.01669921875
0.01669921875
0.016796875
0.01689453125
0.016796875
0.016796875
0.016796875
0.01689453125
0.01787109375
0.016796875
0.016796875
0.0166015625
0.0166015625
0.01689453125
0.01669921875
0.01669921875
0.01728515625
0.0166015625
0.0166015625
0.0166015625
0.0166015625
0.0166015625
0.016796875
0.0166015625
0.0166015625
0.0166015625
0.0166015625
0.0166015625
0.0166015625
0.0166015625
0.0166015625
0.01650390625
0.01669921875
0.01640625
0.01640625
0.01640625
0.0166015625
0.01650390625
0.01650390625
0.01650390625
0.01640625
0.01650390625
0.01640625
0.01552734375
0.0166015625
0.01640625
0.01640625
0.01640625
0.01650390625
0.01640625
0.01640625
0.01611328125
0.01630859375
0.01630859375
0.01650390625
0.01640625
0.01630859375
0.01640625
0.01630859375
0.0162109375
0.01630859375
0.01630859375
0.01611328125
0.01630859375
0.016015625
0.0162109375
0.01630859375
0.0162109375
0.01630859375
0.0162109375
0.01630859375
0.01611328125
0.01630859375
0.01611328125
0.016015625
0.01630859375
0.01611328125
0.016015625
0.016796875
0.01611328125
0.016015625
0.01611328125
0.01611328125
0.016015625
0.0162109375
0.016015625
0.01611328125
0.01611328125
0.016015625
0.016015625
0.016015625
0.016015625
0.01591796875
0.016015625
0.01611328125
0.016015625
0.01591796875
0.016015625
0.016015625
0.016015625
0.016015625
0.01611328125
0.01591796875
0.01611328125
0.016015625
0.01650390625
0.01591796875
0.016015625
0.01591796875
0.016015625
0.01591796875
0.01591796875
0.0158203125
0.01650390625
0.01572265625
0.01591796875
0.01591796875
0.01591796875
0.0158203125
0.01572265625
0.0158203125
0.016015625
0.015625
0.0158203125
0.015625
0.015625
0.01572265625
0.01572265625
0.0158203125
0.01552734375
0.01572265625
0.015625
0.01572265625
0.01552734375
0.015625
0.015625
0.01552734375
0.015625
0.015625
0.015625
0.01533203125
0.015625
0.015625
0.01552734375
0.015625
0.01552734375
0.015625
0.015625
0.01533203125
0.01552734375
0.01533203125
0.01552734375
0.01552734375
0.0154296875
0.0154296875
0.0154296875
0.01533203125
0.015625
0.01533203125
0.01552734375
0.0154296875
0.01533203125
0.01533203125
0.0154296875
0.0154296875
0.01552734375
0.0154296875
0.0158203125
0.01533203125
0.0154296875
0.01533203125
0.01533203125
0.015234375
0.01533203125
0.01533203125
0.0142578125
0.0154296875
0.01533203125
0.015234375
0.015234375
0.01533203125
0.01513671875
0.015234375
0.01552734375
0.01533203125
0.015234375
0.015234375
0.015234375
0.0150390625
0.015234375
0.015234375
0.015234375
0.015234375
0.01513671875
0.01513671875
0.015234375
0.01513671875
0.0150390625
0.01494140625
0.0154296875
0.0150390625
0.0150390625
0.0150390625
0.01494140625
0.01513671875
0.01494140625
0.0150390625
0.01513671875
0.0150390625
0.0150390625
0.016015625
0.01494140625
0.01484375
0.01474609375
0.01494140625
0.01484375
0.01494140625
0.01494140625
0.01416015625
0.01494140625
0.0150390625
0.01494140625
0.01494140625
0.01484375
0.01494140625
0.01484375
0.0150390625
0.01484375
0.01484375
0.01474609375
0.01494140625
0.01474609375
0.01474609375
0.01494140625
0.0146484375
0.01474609375
0.01484375
0.01474609375
0.0146484375
0.0146484375
0.01474609375
0.0146484375
0.01484375
0.01484375
0.0146484375
0.016015625
0.01474609375
0.01484375
0.01455078125
0.01474609375
0.01455078125
0.0146484375
0.01474609375
0.01396484375
0.0146484375
0.0146484375
0.01455078125
0.01455078125
0.0146484375
0.01455078125
0.01455078125
0.014453125
0.01455078125
0.0146484375
0.014453125
0.01455078125
0.01455078125
0.0146484375
0.014453125
0.01435546875
0.01455078125
0.01435546875
0.014453125
0.01435546875
0.014453125
0.01455078125
0.014453125
0.0146484375
0.014453125
0.014453125
0.01484375
0.0142578125
0.014453125
0.014453125
0.01435546875
0.01416015625
0.0142578125
0.01435546875
0.01318359375
0.01435546875
0.01435546875
0.0142578125
0.0142578125
0.0142578125
0.0142578125
0.0142578125
0.01435546875
0.01416015625
0.0142578125
0.0142578125
0.01416015625
0.0142578125
0.0142578125
0.0142578125
0.0142578125
0.01435546875
0.0140625
0.0142578125
0.0140625
0.01416015625
0.0140625
0.01396484375
0.01435546875
0.01416015625
0.0140625
0.01416015625
0.0140625
0.01416015625
0.0140625
0.01416015625
0.0138671875
0.01416015625
0.01396484375
0.01376953125
0.0140625
0.01416015625
0.01396484375
0.01396484375
0.0138671875
0.0138671875
0.0138671875
0.01357421875
0.0138671875
0.0138671875
0.01396484375
0.01396484375
0.01376953125
0.0138671875
0.01396484375
0.0140625
0.01396484375
0.01376953125
0.0138671875
0.0138671875
0.01376953125
0.01376953125
0.01376953125
0.013671875
0.0138671875
0.01376953125
0.01376953125
0.0138671875
0.01376953125
0.013671875
0.013671875
0.0138671875
0.01357421875
0.013671875
0.012890625
0.01376953125
0.01376953125
0.013671875
0.01357421875
0.01376953125
0.013671875
0.013671875
0.0142578125
0.01357421875
0.0134765625
0.0134765625
0.01357421875
0.0134765625
0.01357421875
0.01357421875
0.01337890625
0.01357421875
0.01357421875
0.0134765625
0.0134765625
0.01357421875
0.01357421875
0.0134765625
0.01357421875
0.01337890625
0.0134765625
0.0134765625
0.01337890625
0.0134765625
0.01337890625
0.0134765625
0.0134765625
0.01357421875
0.01337890625
0.01328125
0.01328125
0.01337890625
0.01337890625
0.01318359375
0.0134765625
0.01337890625
0.01337890625
0.01376953125
0.01318359375
0.01328125
0.0134765625
0.01328125
0.0130859375
0.01328125
0.01328125
0.0134765625
0.01328125
0.01328125
0.01318359375
0.01318359375
0.0130859375
0.01318359375
0.01318359375
0.01298828125
0.01318359375
0.01328125
0.0130859375
0.012890625
0.01298828125
0.01298828125
0.0130859375
0.01328125
0.0130859375
0.01298828125
0.01259765625
0.012890625
0.01298828125
0.01298828125
0.0130859375
0.01298828125
0.01298828125
0.0130859375
0.0130859375
0.01298828125
0.012890625
0.012890625
0.01279296875
0.01279296875
0.01279296875
0.01279296875
0.01279296875
0.01298828125
0.012890625
0.01279296875
0.01279296875
0.01298828125
0.0126953125
0.01279296875
0.01298828125
0.012890625
0.01279296875
0.01279296875
0.0126953125
0.01279296875
0.01259765625
0.0126953125
0.0126953125
0.01279296875
0.0125
0.01376953125
0.01259765625
0.01279296875
0.0126953125
0.01259765625
0.01259765625
0.0126953125
0.0125
0.0130859375
0.01259765625
0.0125
0.01259765625
0.0125
0.01240234375
0.01259765625
0.0125
0.01259765625
0.0125
0.01240234375
0.01240234375
0.0123046875
0.0123046875
0.01240234375
0.0125
0.0123046875
0.0123046875
0.01240234375
0.0123046875
0.01240234375
0.0123046875
0.0125
0.0123046875
0.01240234375
0.01240234375
0.0123046875
0.012890625
0.012109375
0.0123046875
0.01220703125
0.01220703125
0.012109375
0.01220703125
0.012109375
0.01240234375
0.01220703125
0.01220703125
0.01220703125
0.012109375
0.012109375
0.01220703125
0.012109375
0.01201171875
0.01201171875
0.01201171875
0.01201171875
0.012109375
0.01201171875
0.01201171875
0.01201171875
0.0119140625
0.0119140625
0.01201171875
0.01162109375
0.0119140625
0.0119140625
0.0119140625
0.0119140625
0.01181640625
0.01181640625
0.01201171875
0.01162109375
0.0119140625
0.01181640625
0.01171875
0.0119140625
0.01171875
0.01171875
0.01171875
0.01181640625
0.01171875
0.01171875
0.01171875
0.01162109375
0.01162109375
0.01171875
0.01162109375
0.0115234375
0.01162109375
0.0115234375
0.01162109375
0.01162109375
0.01142578125
0.01162109375
0.01162109375
0.01162109375
0.01162109375
0.0115234375
0.0125
0.01142578125
0.0115234375
0.0115234375
0.01142578125
0.01123046875
0.01142578125
0.01142578125
0.01181640625
0.01123046875
0.01142578125
0.01123046875
0.01142578125
0.011328125
0.01123046875
0.011328125
0.0115234375
0.01123046875
0.0111328125
0.01123046875
0.0111328125
0.01103515625
0.01123046875
0.01123046875
0.0107421875
0.01103515625
0.0111328125
0.01162109375
0.01123046875
0.01103515625
0.0111328125
0.0111328125
0.01123046875
0.01083984375
0.0109375
0.0119140625
0.0111328125
0.0111328125
0.01103515625
0.01103515625
0.0109375
0.0109375
0.01103515625
0.01142578125
0.0109375
0.0109375
0.0109375
0.01083984375
0.0109375
0.0109375
0.01064453125
0.0111328125
0.01083984375
0.0107421875
0.01083984375
0.01083984375
0.01083984375
0.01083984375
0.01083984375
0.01083984375
0.010546875
0.01064453125
0.0107421875
0.010546875
0.01064453125
0.010546875
0.010546875
0.01064453125
0.01064453125
0.010546875
0.01142578125
0.01064453125
0.01064453125
0.01044921875
0.01044921875
0.01044921875
0.01044921875
0.010546875
0.01123046875
0.0103515625
0.0103515625
0.0103515625
0.0103515625
0.0103515625
0.0103515625
0.01025390625
0.01025390625
0.01025390625
0.01025390625
0.01025390625
0.0103515625
0.01015625
0.01015625
0.01025390625
0.00986328125
0.01015625
0.01015625
0.009765625
0.01025390625
0.01005859375
0.01005859375
0.01005859375
0.01015625
0.01015625
0.01005859375
0.01044921875
0.00986328125
0.0099609375
0.0099609375
0.0099609375
0.0099609375
0.00986328125
0.0099609375
0.01025390625
0.00986328125
0.01025390625
0.009765625
0.00986328125
0.00986328125
0.00986328125
0.00986328125
0.00986328125
0.009765625
0.0099609375
0.00986328125
0.009765625
0.00966796875
0.00966796875
0.00966796875
0.0095703125
0.0095703125
0.009765625
0.0095703125
0.009765625
0.0095703125
0.0095703125
0.00966796875
0.00966796875
0.00947265625
0.00947265625
0.00888671875
0.009375
0.00947265625
0.0095703125
0.00947265625
0.00947265625
0.009375
0.00927734375
0.00986328125
0.00947265625
0.00947265625
0.009375
0.00927734375
0.008984375
0.00947265625
0.00947265625
0.00888671875
0.00927734375
0.009375
0.00927734375
0.0091796875
0.0091796875
0.00927734375
0.00908203125
0.009375
0.00927734375
0.0091796875
0.0091796875
0.00927734375
0.00908203125
0.00908203125
0.00927734375
0.00947265625
0.008984375
0.008984375
0.00908203125
0.008984375
0.00908203125
0.0091796875
0.00908203125
0.0087890625
0.008984375
0.008984375
0.00849609375
0.00888671875
0.008984375
0.008984375
0.00888671875
0.008984375
0.00888671875
0.0087890625
0.00859375
0.00869140625
0.00869140625
0.0087890625
0.0087890625
0.008984375
0.00869140625
0.0087890625
0.00908203125
0.00869140625
0.0087890625
0.0087890625
0.00869140625
0.00869140625
0.00869140625
0.00869140625
0.00849609375
0.00869140625
0.00859375
0.00869140625
0.00869140625
0.00869140625
0.00859375
0.00849609375
0.0083984375
0.00859375
0.00849609375
0.008203125
0.00859375
0.00849609375
0.0083984375
0.00830078125
0.00849609375
0.00849609375
0.0083984375
0.00908203125
0.0083984375
0.0083984375
0.0083984375
0.00830078125
0.0083984375
0.00830078125
0.00830078125
0.0076171875
0.008203125
0.008203125
0.00830078125
0.008203125
0.0083984375
0.008203125
0.008203125
0.00830078125
0.00810546875
0.00810546875
0.008203125
0.008203125
0.008203125
0.00810546875
0.00810546875
0.00810546875
0.00810546875
0.00810546875
0.00810546875
0.0080078125
0.008203125
0.0080078125
0.0080078125
0.00810546875
0.0080078125
0.0080078125
0.0078125
0.00791015625
0.00791015625
0.0080078125
0.0078125
0.00791015625
0.00791015625
0.00791015625
0.00849609375
0.0080078125
0.00791015625
0.0078125
0.0078125
0.00771484375
0.00791015625
0.0080078125
0.0076171875
0.00771484375
0.0078125
0.00771484375
0.00771484375
0.0078125
0.0078125
0.00771484375
0.00791015625
0.00771484375
0.00771484375
0.0076171875
0.00771484375
0.0076171875
0.00771484375
0.0076171875
0.007421875
0.0076171875
0.0076171875
0.00751953125
0.00751953125
0.00751953125
0.0076171875
0.00751953125
0.007421875
0.00751953125
0.0076171875
0.00810546875
0.00751953125
0.007421875
0.00751953125
0.007421875
0.0072265625
0.007421875
0.007421875
0.007421875
0.0072265625
0.00751953125
0.00732421875
0.007421875
0.0072265625
0.00712890625
0.00732421875
0.00751953125
0.0072265625
0.00732421875
0.00732421875
0.00732421875
0.0072265625
0.0072265625
0.0072265625
0.00712890625
0.00732421875
0.00712890625
0.0072265625
0.0072265625
0.00732421875
0.0072265625
0.0072265625
0.00712890625
0.0072265625
0.00712890625
0.00810546875
0.00712890625
0.00712890625
0.00712890625
0.00703125
0.00703125
0.00703125
0.0072265625
0.00634765625
0.00703125
0.00703125
0.00693359375
0.00693359375
0.00712890625
0.00703125
0.00693359375
0.00751953125
0.00703125
0.00703125
0.00693359375
0.00693359375
0.00693359375
0.0068359375
0.00703125
0.006640625
0.00693359375
0.0068359375
0.00673828125
0.00673828125
0.00693359375
0.0068359375
0.0068359375
0.00703125
0.0068359375
0.006640625
0.007421875
0.00673828125
0.0068359375
0.00673828125
0.00673828125
0.006640625
0.006640625
0.00673828125
0.00625
0.00673828125
0.00673828125
0.006640625
0.006640625
0.006640625
0.006640625
0.00654296875
0.00625
0.00654296875
0.00654296875
0.006640625
0.00654296875
0.00654296875
0.006640625
0.00673828125
0.006640625
0.006640625
0.00654296875
0.0064453125
0.00654296875
0.0064453125
0.00634765625
0.00654296875
0.0060546875
0.006640625
0.0064453125
0.00634765625
0.0064453125
0.00654296875
0.00634765625
0.00654296875
0.00654296875
0.00634765625
0.00654296875
0.00712890625
0.00634765625
0.00654296875
0.00634765625
0.00634765625
0.00634765625
0.00634765625
0.00634765625
0.006640625
0.00634765625
0.00634765625
0.00625
0.00634765625
0.00615234375
0.00634765625
0.00625
0.0060546875
0.00625
0.00615234375
0.00634765625
0.00625
0.00625
0.00625
0.00615234375
0.0064453125
0.00625
0.00625
0.00615234375
0.0060546875
0.0060546875
0.00615234375
0.0060546875
0.0060546875
0.00615234375
0.00615234375
0.00693359375
0.0060546875
0.00615234375
0.00595703125
0.0060546875
0.0060546875
0.005859375
0.0060546875
0.00634765625
0.0060546875
0.00595703125
0.00595703125
0.0060546875
0.0060546875
0.0060546875
0.00595703125
0.00576171875
0.00595703125
0.0060546875
0.005859375
0.005859375
0.005859375
0.005859375
0.005859375
0.00595703125
0.00595703125
0.00595703125
0.00595703125
0.00576171875
0.00576171875
0.005859375
0.005859375
0.00576171875
0.0056640625
0.005859375
0.0056640625
0.00576171875
0.00576171875
0.00576171875
0.0056640625
0.005859375
0.00576171875
0.0056640625
0.00517578125
0.00576171875
0.00576171875
0.0056640625
0.005859375
0.00595703125
0.0056640625
0.0056640625
0.00595703125
0.00576171875
0.0056640625
0.00546875
0.00576171875
0.0056640625
0.0056640625
0.00556640625
0.00537109375
0.0056640625
0.0056640625
0.0056640625
0.00556640625
0.00556640625
0.00546875
0.0056640625
0.0052734375
0.0056640625
0.00546875
0.00517578125
0.00546875
0.00556640625
0.00556640625
0.00546875
0.00576171875
0.00556640625
0.00556640625
0.00634765625
0.00556640625
0.00537109375
0.00546875
0.00537109375
0.00546875
0.00537109375
0.00537109375
0.00498046875
0.00537109375
0.00546875
0.00537109375
0.00537109375
0.00537109375
0.0052734375
0.0052734375
0.00537109375
0.00537109375
0.00537109375
0.00546875
0.00537109375
0.0052734375
0.0052734375
0.00537109375
0.00517578125
0.00537109375
0.0052734375
0.0052734375
0.00537109375
0.0052734375
0.00537109375
0.00537109375
0.005078125
0.0052734375
0.00517578125
0.00546875
0.0052734375
0.0052734375
0.00517578125
0.0052734375
0.00517578125
0.005078125
0.00517578125
0.00576171875
0.00517578125
0.00517578125
0.00517578125
0.00517578125
0.00498046875
0.005078125
0.00517578125
0.00498046875
0.00517578125
0.005078125
0.0052734375
0.005078125
0.00517578125
0.005078125
0.00517578125
0.00517578125
0.0048828125
0.00498046875
0.005078125
0.00498046875
0.0048828125
0.0048828125
0.005078125
0.00478515625
0.005078125
0.0048828125
0.0041015625
0.005078125
0.00498046875
0.00498046875
0.00498046875
0.005078125
0.00478515625
0.0048828125
0.00556640625
0.0048828125
0.0048828125
0.00478515625
0.0048828125
0.00498046875
0.0048828125
0.0048828125
0.00478515625
0.0048828125
0.0048828125
0.00478515625
0.0048828125
0.00498046875
0.0048828125
0.00478515625
0.00478515625
0.0048828125
0.00478515625
0.00478515625
0.0046875
0.00478515625
0.0046875
0.00478515625
0.004296875
0.00478515625
0.0048828125
0.00458984375
0.00478515625
0.0048828125
0.00478515625
0.00458984375
0.0048828125
0.00478515625
0.00458984375
0.00556640625
0.00478515625
0.0046875
0.00478515625
0.0046875
0.00458984375
0.0046875
0.0046875
0.00458984375
0.00458984375
0.0046875
0.0046875
0.00458984375
0.0046875
0.0046875
0.00458984375
0.00478515625
0.00458984375
0.0046875
0.00458984375
0.0046875
0.00458984375
0.0044921875
0.00458984375
0.00458984375
0.00458984375
0.00458984375
0.0044921875
0.0044921875
0.0044921875
0.0044921875
0.0044921875
0.0044921875
0.0046875
0.0044921875
0.003515625
0.0044921875
0.0044921875
0.0044921875
0.0044921875
0.00458984375
0.0044921875
0.00458984375
0.005078125
0.0044921875
0.00439453125
0.004296875
0.0044921875
0.004296875
0.00419921875
0.00439453125
0.00380859375
0.0044921875
0.004296875
0.00439453125
0.004296875
0.00439453125
0.00419921875
0.004296875
0.0044921875
0.00419921875
0.004296875
0.00439453125
0.00439453125
0.00439453125
0.00419921875
0.00439453125
0.0046875
0.004296875
0.004296875
0.00439453125
0.004296875
0.00419921875
0.00419921875
0.004296875
0.004296875
0.00419921875
0.004296875
0.003125
0.004296875
0.0041015625
0.00419921875
0.00419921875
0.00419921875
0.00419921875
0.00419921875
0.00419921875
0.0041015625
0.00419921875
0.00419921875
0.0041015625
0.00400390625
0.00400390625
0.0041015625
0.004296875
0.00400390625
0.0041015625
0.00419921875
0.0041015625
0.0041015625
0.0041015625
0.00419921875
0.00419921875
0.0041015625
0.004296875
0.00419921875
0.00400390625
0.0041015625
0.0041015625
0.0041015625
0.00390625
0.00400390625
0.00400390625
0.00341796875
0.0041015625
0.00400390625
0.00390625
0.00390625
0.0041015625
0.00400390625
0.0041015625
0.0044921875
0.00390625
0.0041015625
0.00400390625
0.00380859375
0.00390625
0.00390625
0.00390625
0.0033203125
0.00390625
0.00400390625
0.00400390625
0.00380859375
0.0041015625
0.00390625
0.00390625
0.00400390625
0.00380859375
0.00400390625
0.00390625
0.00380859375
0.00400390625
0.00390625
0.00390625
0.00419921875
0.00380859375
0.00390625
0.00380859375
0.00380859375
0.00390625
0.0037109375
0.00390625
0.0037109375
0.00361328125
0.00390625
0.00283203125
0.00390625
0.00380859375
0.00390625
0.0037109375
0.00390625
0.00390625
0.0037109375
0.004296875
0.00390625
0.0037109375
0.00380859375
0.0037109375
0.0037109375
0.0037109375
0.0037109375
0.0037109375
0.0037109375
0.00390625
0.00380859375
0.0037109375
0.0037109375
0.0037109375
0.0037109375
0.0037109375
0.0037109375
0.0037109375
0.00361328125
0.00380859375
0.00361328125
0.00361328125
0.00361328125
0.00361328125
0.0037109375
0.00361328125
0.00283203125
0.00361328125
0.00361328125
0.00361328125
0.0037109375
0.00361328125
0.00361328125
0.0037109375
0.00302734375
0.0037109375
0.00361328125
0.00361328125
0.00380859375
0.00390625
0.003515625
0.00361328125
0.00322265625
0.00341796875
0.00341796875
0.003515625
0.00361328125
0.00361328125
0.003515625
0.003515625
0.0037109375
0.00361328125
0.00341796875
0.003515625
0.0037109375
0.003515625
0.003515625
0.003515625
0.00341796875
0.00341796875
0.00341796875
0.0025390625
0.00361328125
0.003515625
0.003515625
0.003515625
0.00341796875
0.003515625
0.003515625
0.00302734375
0.00341796875
0.003515625
0.003515625
0.003515625
0.003515625
0.00341796875
0.003515625
0.00302734375
0.00322265625
0.00341796875
0.00341796875
0.00341796875
0.00341796875
0.0033203125
0.00341796875
0.003515625
0.0033203125
0.00341796875
0.003515625
0.0033203125
0.00341796875
0.00341796875
0.003515625
0.0033203125
0.0033203125
0.00341796875
0.004296875
0.00341796875
0.0033203125
0.00341796875
0.0033203125
0.0033203125
0.003515625
0.00341796875
0.00302734375
0.0033203125
0.00341796875
0.0033203125
0.00322265625
0.00341796875
0.00322265625
0.00341796875
0.003125
0.0033203125
0.00322265625
0.0033203125
0.00322265625
0.00322265625
0.0033203125
0.00322265625
0.00322265625
0.0033203125
0.003125
0.0033203125
0.00322265625
0.00322265625
0.00322265625
0.00322265625
0.0033203125
0.00322265625
0.00322265625
0.002734375
0.0033203125
0.003125
0.00322265625
0.00322265625
0.00341796875
0.00322265625
0.003125
0.00380859375
0.003125
0.003125
0.00322265625
0.003125
0.00322265625
0.00322265625
0.00322265625
0.0033203125
0.00341796875
0.00322265625
0.00322265625
0.003125
0.0033203125
0.00322265625
0.00322265625
0.00302734375
0.00302734375
0.003125
0.00302734375
0.003125
0.003125
0.003125
0.003125
0.00322265625
0.0029296875
0.00302734375
0.0037109375
0.00302734375
0.003125
0.00302734375
0.00283203125
0.0029296875
0.003125
0.003125
0.0025390625
0.003125
0.003125
0.00302734375
0.00283203125
0.00322265625
0.00302734375
0.00302734375
0.003515625
0.003125
0.00302734375
0.0029296875
0.00263671875
0.00302734375
0.0029296875
0.003125
0.00263671875
0.003125
0.003125
0.0029296875
0.0029296875
0.0029296875
0.0029296875
0.003125
0.00263671875
0.00302734375
0.00302734375
0.0025390625
0.0029296875
0.00302734375
0.00322265625
0.0029296875
0.00322265625
0.0029296875
0.00283203125
0.00380859375
0.003125
0.00302734375
0.00283203125
0.00302734375
0.0029296875
0.00302734375
0.00322265625
0.0025390625
0.0029296875
0.00283203125
0.0029296875
0.00302734375
0.0029296875
0.00283203125
0.003125
0.00302734375
0.00283203125
0.00283203125
0.00283203125
0.00283203125
0.00263671875
0.00322265625
0.00283203125
0.002734375
0.002734375
0.00283203125
0.00283203125
0.00283203125
0.002734375
0.002734375
0.0029296875
0.00283203125
0.002734375
0.00283203125
0.00205078125
0.00283203125
0.0029296875
0.002734375
0.002734375
0.0029296875
0.002734375
0.00283203125
0.00341796875
0.002734375
0.002734375
0.00283203125
0.00263671875
0.002734375
0.002734375
0.00263671875
0.0021484375
0.002734375
0.002734375
0.00283203125
0.002734375
0.00283203125
0.00283203125
0.00283203125
0.00283203125
0.00283203125
0.002734375
0.00263671875
0.0025390625
0.0025390625
0.00283203125
0.002734375
0.003125
0.002734375
0.00263671875
0.00263671875
0.002734375
0.00263671875
0.002734375
0.00263671875
0.00244140625
0.002734375
0.00263671875
0.001171875
0.002734375
0.002734375
0.00263671875
0.00263671875
0.0025390625
0.002734375
0.002734375
0.00322265625
0.00263671875
0.00263671875
0.0025390625
0.0025390625
0.00263671875
0.0025390625
0.0025390625
0.00234375
0.00263671875
0.0025390625
0.002734375
0.002734375
0.00263671875
0.0025390625
0.00244140625
0.0025390625
0.0025390625
0.00263671875
0.00263671875
0.0025390625
0.00263671875
0.0025390625
0.0025390625
0.00263671875
0.00263671875
0.0025390625
0.0033203125
0.00263671875
0.0025390625
0.0025390625
0.0025390625
0.00244140625
0.0025390625
0.00263671875
0.0021484375
0.00263671875
0.00234375
0.0025390625
0.0025390625
0.0025390625
0.00244140625
0.00263671875
0.0021484375
0.00263671875
0.00244140625
0.00244140625
0.0025390625
0.00244140625
0.0025390625
0.00244140625
0.00263671875
0.0025390625
0.00244140625
0.0025390625
0.0025390625
0.00244140625
0.00244140625
0.0025390625
0.0025390625
0.00244140625
0.00234375
0.00244140625
0.00234375
0.00244140625
0.00244140625
0.0025390625
0.00244140625
0.00244140625
0.0025390625
0.00244140625
0.00234375
0.00234375
0.00244140625
0.00234375
0.00224609375
0.0025390625
0.00244140625
0.00205078125
0.00244140625
0.00244140625
0.0025390625
0.00234375
0.00224609375
0.00224609375
0.00244140625
0.0025390625
0.00234375
0.00244140625
0.00234375
0.00234375
0.00224609375
0.00234375
0.00234375
0.0021484375
0.00244140625
0.00234375
0.00234375
0.00234375
0.00234375
0.00234375
0.00224609375
0.0025390625
0.0025390625
0.00224609375
0.0029296875
0.00234375
0.00244140625
0.00234375
0.00224609375
0.00224609375
0.00244140625
0.00234375
0.0017578125
0.00224609375
0.0021484375
0.00234375
0.00224609375
0.00224609375
0.00234375
0.00234375
0.00185546875
0.00234375
0.00224609375
0.00224609375
0.00224609375
0.00234375
0.00234375
0.0021484375
0.00234375
0.00224609375
0.00224609375
0.00224609375
0.00224609375
0.0021484375
0.00224609375
0.00224609375
0.00224609375
0.00224609375
0.00224609375
0.00146484375
0.00224609375
0.0021484375
0.00224609375
0.00224609375
0.00224609375
0.00224609375
0.00224609375
0.00234375
0.0021484375
0.00224609375
0.00205078125
0.00224609375
0.0021484375
0.0021484375
0.0021484375
0.002734375
0.00224609375
0.00224609375
0.00205078125
0.0021484375
0.00205078125
0.00224609375
0.00205078125
0.00205078125
0.00224609375
0.0021484375
0.0021484375
0.00205078125
0.00224609375
0.00205078125
0.0021484375
0.00234375
0.0021484375
0.0021484375
0.0029296875
0.0021484375
0.00205078125
0.00224609375
0.0021484375
0.00205078125
0.00205078125
0.0021484375
0.0029296875
0.0021484375
0.00205078125
0.0021484375
0.0021484375
0.001953125
0.00224609375
0.0021484375
0.0025390625
0.00205078125
0.0021484375
0.00205078125
0.00205078125
0.0021484375
0.00205078125
0.001953125
0.00205078125
0.00205078125
0.00205078125
0.0021484375
0.00205078125
0.00205078125
0.001953125
0.00205078125
0.00224609375
0.0021484375
0.00205078125
0.00244140625
0.001953125
0.001953125
0.00205078125
0.001953125
0.00205078125
0.00205078125
0.0021484375
0.0025390625
0.00185546875
0.00205078125
0.001953125
0.00205078125
0.00185546875
0.0021484375
0.00205078125
0.00244140625
0.00185546875
0.001953125
0.00205078125
0.001953125
0.001953125
0.00185546875
0.00205078125
0.001953125
0.001953125
0.001953125
0.001953125
0.00205078125
0.00205078125
0.001953125
0.00205078125
0.0017578125
0.00205078125
0.001953125
0.00234375
0.00205078125
0.001953125
0.001953125
0.001953125
0.00205078125
0.001953125
0.001953125
0.00224609375
0.001953125
0.00185546875
0.001953125
0.00185546875
0.001953125
0.001953125
0.001953125
0.00205078125
0.001953125
0.00205078125
0.001953125
0.00185546875
0.00185546875
0.001953125
0.00185546875
0.0017578125
0.00185546875
0.001953125
0.00185546875
0.001953125
0.001953125
0.001953125
0.00185546875
0.001953125
0.00185546875
0.001953125
0.00166015625
0.001953125
0.00185546875
0.001953125
0.0017578125
0.00166015625
0.001953125
0.001953125
0.00185546875
0.001953125
0.001953125
0.0017578125
0.00185546875
0.0017578125
0.00185546875
0.0017578125
0.00166015625
0.00185546875
0.0017578125
0.00185546875
0.00185546875
0.00185546875
0.00166015625
0.0017578125
0.001953125
0.00185546875
0.00185546875
0.00166015625
0.00185546875
0.0017578125
0.00185546875
0.0017578125
0.00166015625
0.00185546875
0.00185546875
0.00107421875
0.0017578125
0.0017578125
0.00185546875
0.00166015625
0.0017578125
0.00166015625
0.0017578125
0.0021484375
0.0017578125
0.00185546875
0.0017578125
0.00185546875
0.0017578125
0.0017578125
0.0017578125
0.001953125
0.0017578125
0.0017578125
0.00185546875
0.001953125
0.00166015625
0.0017578125
0.0017578125
0.001953125
0.00166015625
0.0017578125
0.00263671875
0.0017578125
0.00185546875
0.00166015625
0.0017578125
0.00205078125
0.00185546875
0.00166015625
0.0021484375
0.00185546875
0.001953125
0.0017578125
0.00166015625
0.00166015625
0.00146484375
0.0017578125
0.00166015625
0.00166015625
0.0015625
0.0017578125
0.00166015625
0.0017578125
0.00166015625
0.0017578125
0.001953125
0.00166015625
0.0017578125
0.0017578125
0.00166015625
0.0015625
0.0017578125
0.0017578125
0.0015625
0.00166015625
0.0017578125
0.00107421875
0.0015625
0.00166015625
0.0017578125
0.00166015625
0.0015625
0.0015625
0.0017578125
0.0021484375
0.00166015625
0.00166015625
0.00166015625
0.00166015625
0.00166015625
0.00166015625
0.00166015625
0.00166015625
0.00185546875
0.0017578125
0.00166015625
0.00166015625
0.0015625
0.00166015625
0.00166015625
0.00166015625
0.00166015625
0.00166015625
0.002734375
0.0015625
0.0017578125
0.0015625
0.00166015625
0.0017578125
0.0015625
0.00166015625
0.0017578125
0.00166015625
0.00166015625
0.00166015625
0.00166015625
0.00166015625
0.00166015625
0.0015625
0.00166015625
0.0015625
0.00166015625
0.00166015625
0.0015625
0.00166015625
0.00166015625
0.00146484375
0.0017578125
0.0017578125
0.00166015625
0.0015625
0.0015625
0.00166015625
0.00166015625
0.00166015625
0.00166015625
0.0015625
0.0015625
0.00126953125
0.00146484375
0.00166015625
0.0015625
0.0015625
0.00166015625
0.0015625
0.00146484375
0.00126953125
0.00166015625
0.0015625
0.0015625
0.00146484375
0.0015625
0.00146484375
0.0015625
0.00146484375
0.0015625
0.00166015625
0.00166015625
0.00146484375
0.00146484375
0.0015625
0.00146484375
0.00146484375
0.00146484375
0.00146484375
0.00185546875
0.00146484375
0.0015625
0.0015625
0.0015625
0.0015625
0.00146484375
0.00146484375
0.00166015625
0.0013671875
0.0015625
0.00146484375
0.0015625
0.0015625
0.0013671875
0.00146484375
0.00107421875
0.00146484375
0.0015625
0.0015625
0.00146484375
0.0015625
0.00146484375
0.00146484375
0.00146484375
0.00166015625
0.0015625
0.0015625
0.00146484375
0.00166015625
0.0015625
0.0015625
0.0013671875
0.00146484375
0.00146484375
0.0021484375
0.0015625
0.0015625
0.0015625
0.00146484375
0.0017578125
0.0013671875
0.00146484375
0.00048828125
0.00146484375
0.0013671875
0.00146484375
0.00146484375
0.0013671875
0.0015625
0.0013671875
0.00107421875
0.00146484375
0.00146484375
0.00146484375
0.00146484375
0.00146484375
0.0015625
0.00146484375
0.00146484375
0.00146484375
0.0013671875
0.00146484375
0.00146484375
0.00146484375
0.0013671875
0.0013671875
0.00146484375
0.0013671875
0.0013671875
0.00234375
0.0013671875
0.00146484375
0.0015625
0.00107421875
0.00126953125
0.0013671875
0.0013671875
0.00234375
0.0013671875
0.00146484375
0.0013671875
0.00146484375
0.0013671875
0.0015625
0.001171875
0.00185546875
0.0013671875
0.00146484375
0.0013671875
0.00126953125
0.0015625
0.00146484375
0.00146484375
0.0017578125
0.00146484375
0.00146484375
0.00126953125
0.00126953125
0.00146484375
0.00146484375
0.0013671875
0.0013671875
0.0013671875
0.00146484375
0
0.00146484375
0.0013671875
0.0013671875
0.0013671875
0.0013671875
0.0013671875
0.0013671875
0.00087890625
0.00146484375
0.0013671875
0.00146484375
0.0013671875
0.00126953125
0.0013671875
0.00146484375
0.00166015625
0.00126953125
0.00126953125
0.00126953125
0.001171875
0.00146484375
0.00126953125
0.0013671875
0.00146484375
0.0013671875
0.0013671875
0.001171875
0.00146484375
0.001171875
0.00126953125
0.0013671875
0.0013671875
0.00146484375
0.00126953125
0.00068359375
0.0013671875
0.00126953125
0.0013671875
0.0013671875
0.0013671875
0.0013671875
0.00126953125
0.00107421875
0.0013671875
0.001171875
0.00126953125
0.0013671875
0.0013671875
0.001171875
0.0013671875
0.00126953125
0.00126953125
0.00126953125
0.00126953125
0.0013671875
0.0013671875
0.00126953125
0.00126953125
0.001171875
0.00126953125
0.00126953125
0.00107421875
0.00126953125
0.00146484375
0.001171875
0.00126953125
0.001171875
0.00126953125
0.00126953125
0.00087890625
0.00146484375
0.0013671875
0.001171875
0.00126953125
0.00126953125
0.00126953125
0.001171875
0.00126953125
0.00126953125
0.00126953125
0.00126953125
0.00126953125
0.001171875
0.00126953125
0.00126953125
0.00107421875
0.001171875
0.00126953125
0.00126953125
0.001171875
0.0013671875
0.001171875
0.00107421875
0.001171875
0.00126953125
0.001171875
0.00029296875
0.001171875
0.001171875
0.00126953125
0.001171875
0.00107421875
0.00126953125
0.00126953125
0.00126953125
0.001171875
0.0013671875
0.0013671875
0.00107421875
0.00126953125
0.001171875
0.001171875
0.00126953125
0.001171875
0.001171875
0.00126953125
0.001171875
0.0013671875
0.00107421875
0.00126953125
0.001171875
0.001171875
0.001171875
0.00126953125
0.001171875
0.00107421875
0.001171875
0.001171875
0.00107421875
0.001171875
0.001171875
0.00048828125
0.001171875
0.00126953125
0.00126953125
0.00126953125
0.0009765625
0.001171875
0.00126953125
0.0005859375
0.001171875
0.00126953125
0.001171875
0.001171875
0.00126953125
0.00126953125
0.00126953125
0.001171875
0.001171875
0.00107421875
0.0009765625
0.001171875
0.001171875
0.001171875
0.00126953125
0.00146484375
0.00107421875
0.001171875
0.001171875
0.001171875
0.001171875
0.001171875
0.001171875
0.00107421875
0.001171875
0.00107421875
0.0015625
0.00107421875
0.001171875
0.001171875
0.00107421875
0.0013671875
0.001171875
0.00107421875
0.00166015625
0.001171875
0.00107421875
0.001171875
0.0009765625
0.00107421875
0.00107421875
0.0009765625
0.0013671875
0.00107421875
0.00107421875
0.00107421875
0.001171875
0.001171875
0.00107421875
0.001171875
0.0005859375
0.001171875
0.00107421875
0.00068359375
0.00107421875
0.001171875
0.0009765625
0.00107421875
0.001171875
0.00107421875
0.0009765625
0.00029296875
0.00107421875
0.00107421875
0.0009765625
0.00107421875
0.00107421875
0.00126953125
0.00107421875
0.0009765625
0.00107421875
0.001171875
0.00107421875
0.001171875
0.00107421875
0.001171875
0.001171875
0.00126953125
0.001171875
0.001171875
0.00107421875
0.001171875
0.00107421875
0.00107421875
0.00107421875
0.00068359375
0.00107421875
0.00107421875
0.0009765625
0.00107421875
0.001171875
0.0009765625
0.0009765625
0.001171875
0.00107421875
0.00107421875
0.0015625
0.00107421875
0.00107421875
0.0009765625
0.00107421875
0.00087890625
0.00107421875
0.00107421875
0.0013671875
0.00107421875
0.00107421875
0.00107421875
0.00107421875
0.001171875
0.00107421875
0.0009765625
0.00107421875
0.00107421875
0.0009765625
0.0009765625
0.00107421875
0.00078125
0.0009765625
0.00107421875
0.0009765625
0.00107421875
0.00107421875
0.0005859375
0.0009765625
0.0009765625
0.00107421875
0.0009765625
0.0009765625
0.0009765625
0.00107421875
0.00078125
0.00107421875
0.0009765625
0.0009765625
0.00107421875
0.00107421875
0.0009765625
0.00107421875
0.001171875
0.00107421875
0.0009765625
0.0009765625
0.0009765625
0.00087890625
0.0009765625
0.00107421875
0.00087890625
0.00107421875
0.00107421875
0.00107421875
0.00107421875
0.0009765625
0.0009765625
0.00107421875
0.00107421875
0.00107421875
0.0009765625
0.0015625
0.00107421875
0.00107421875
0.0009765625
0.0009765625
0.0009765625
0.0009765625
0.0009765625
0.0009765625
0.00087890625
0.00107421875
0.0009765625
0.00107421875
0.0009765625
0.00107421875
0.00107421875
0.00078125
0.0009765625
0.00087890625
0.00087890625
0.0009765625
0.0009765625
0.0009765625
0.0009765625
0.00126953125
0.0009765625
0.0009765625
0.0009765625
0.00087890625
0.00087890625
0.0009765625
0.00078125
0.00078125
0.00087890625
0.00087890625
0.0001953125
0.0009765625
0.0009765625
0.00107421875
0.00087890625
0.00087890625
0.00107421875
0.001171875
0.0013671875
0.0009765625
0.0009765625
0.00087890625
0.00107421875
0.00087890625
0.00087890625
0.0009765625
0.0009765625
0.00087890625
0.00087890625
0.00087890625
0.0009765625
0.00087890625
0.0009765625
0.0009765625
0.0009765625
0.00087890625
0.0009765625
0.0009765625
0.0009765625
0.0009765625
0.00087890625
0.00087890625
0.00087890625
0.00107421875
0.00087890625
0.00126953125
0.0009765625
0.00087890625
0.00087890625
0.00087890625
0.00087890625
0.0009765625
0.00087890625
0.00068359375
0.00107421875
0.00078125
0.0009765625
0.00087890625
0.0009765625
0.00087890625
0.00087890625
0.00146484375
0.0009765625
0.00087890625
0.00087890625
0.0009765625
0.0009765625
0.0009765625
0.00087890625
0.00107421875
0.0009765625
0.00078125
0.00087890625
0.00087890625
0.00087890625
0.00078125
0.00087890625
0.0005859375
0.0009765625
0.00087890625
0.0009765625
0.00087890625
0.0009765625
0.00087890625
0.0009765625
0.0009765625
0.0009765625
0.00087890625
0.00048828125
0.0009765625
0.0009765625
0.00087890625
0.00087890625
0.00078125
0.00087890625
0.00068359375
0.0013671875
0.00087890625
0.0009765625
0.00087890625
0.00087890625
0.00078125
0.0009765625
0.00087890625
0.00068359375
0.0009765625
0.0009765625
0.00087890625
0.00087890625
0.0009765625
0.0009765625
0.00087890625
0.00087890625
0.00087890625
0.00087890625
0.00078125
0.00087890625
0.00078125
0.00078125
0.00078125
0.00078125
0.00087890625
0.00087890625
0.0015625
0.00087890625
0.00078125
0.00078125
0.00087890625
0.00078125
0.00078125
0.00087890625
0.00048828125
0.00087890625
0.00078125
0.00087890625
0.00078125
0.00087890625
0.00087890625
0.00078125
0.0013671875
0.00068359375
0.00087890625
0.00087890625
0.00078125
0.00087890625
0.00078125
0.00078125
0.0005859375
0.00087890625
0.00087890625
0.00087890625
0.0009765625
0.00087890625
0.00078125
0.00078125
0.0009765625
0.00078125
0.00078125
0.00087890625
0.00087890625
0.00068359375
0.00087890625
0.00078125
0.00078125
0.00087890625
0.00078125
0.00068359375
0.00087890625
0.00078125
0.00078125
0.00087890625
0.0009765625
0.00087890625
0.00078125
0.0005859375
0.00068359375
0.00078125
0.00068359375
0.00078125
0.00087890625
0.00068359375
0.00087890625
0.0005859375
0.0005859375
0.00078125
0.00078125
0.00078125
0.00078125
0.00078125
0.00068359375
0.0005859375
0.00078125
0.00078125
0.00078125
0.00078125
0.00087890625
0.00087890625
0.00087890625
0.0009765625
0.00068359375
0.00087890625
0.00078125
0.00078125
0.00087890625
0.00078125
0.00078125
0.00078125
0.00068359375
0.00068359375
-9.765625E-05
0.00068359375
0.00078125
0.00078125
0.00078125
0.00078125
0.00078125
0.00078125
0.001171875
0.00087890625
0.00068359375
0.0009765625
0.00078125
0.00078125
0.00078125
0.00078125
0.000390625
0.00078125
0.00068359375
0.00078125
0.00078125
0.00078125
0.00068359375
0.00087890625
0.001171875
0.00078125
0.00068359375
0.00068359375
0.00078125
0.00078125
0.00068359375
0.00078125
0.00078125
0.00078125
0.00068359375
0.00048828125
0.00078125
0.00078125
0.00068359375
0.00078125
0.0005859375
0.00068359375
0.00068359375
0.00068359375
0.00087890625
0.00068359375
0.00068359375
0.00068359375
0.00078125
0.00068359375
0.00078125
0.00078125
0.00078125
0.00078125
0.00078125
0.00078125
0.00087890625
0.00068359375
0.0005859375
0.00087890625
0.00068359375
0.00078125
0.00068359375
0.0005859375
0.00068359375
0.00068359375
0.00087890625
0.00068359375
0.00078125
0.00068359375
0.00068359375
0.00068359375
0.00068359375
0.00068359375
0.00078125
0.0005859375
0.0005859375
0.0005859375
9.765625E-05
0.00078125
0.00068359375
0.00068359375
0.00078125
0.00087890625
0.00078125
0.0005859375
0.00048828125
0.00068359375
0.00068359375
0.00078125
0.00078125
0.00068359375
0.00068359375
0.00078125
0.0009765625
0.00068359375
0.00068359375
0.00068359375
0.0005859375
0.00078125
0.00068359375
0.00087890625
0.00078125
0.00068359375
0.00068359375
0.0009765625
0.00048828125
0.00078125
0.00078125
0.00068359375
0.00068359375
0.0005859375
0.00068359375
0.0001953125
0.0005859375
0.00078125
0.00068359375
0.00068359375
0.00068359375
0.00078125
0.00078125
0.0005859375
0.0005859375
0.00078125
0.0005859375
0.00068359375
0.00068359375
0.00068359375
0.0005859375
0.0005859375
0.00078125
0.0005859375
0.00068359375
0.00068359375
0.00078125
0.00068359375
0.00078125
0.00068359375
0.00068359375
0.00068359375
0.0017578125
0.00078125
0.00068359375
0.00068359375
0.0005859375
0.00068359375
0.00078125
0.00068359375
0.00068359375
0.0005859375
0.00068359375
0.00048828125
0.00068359375
0.0005859375
0.0005859375
0.00068359375
0.00068359375
0.00068359375
0.00078125
0.00068359375
0.0005859375
0.00068359375
0.00068359375
0.0005859375
0.00068359375
0.00068359375
0.00068359375
0.00068359375
0.00068359375
0.00068359375
0.00068359375
0.00078125
0.00078125
0.0005859375
0.0005859375
0.00078125
0.00078125
0.00068359375
0.00048828125
0.00068359375
0.00078125
0.00068359375
0.00068359375
0.00126953125
0.00068359375
0.00068359375
0.0005859375
0.0005859375
0.000390625
0.00048828125
0.0005859375
0.00087890625
0.00068359375
0.00068359375
0.000390625
0.00068359375
0.00068359375
0.00068359375
0.0005859375
0.00078125
0.0005859375
0.00068359375
0.0005859375
0.00078125
0.00048828125
0.00068359375
0.00068359375
0.00068359375
0.0005859375
0.00068359375
0.00107421875
0.00068359375
0.0005859375
0.0005859375
0.00068359375
0.00078125
0.00068359375
0.00068359375
0.000390625
0.00068359375
0.0005859375
0.0005859375
0.00068359375
0.00048828125
0.00048828125
0.0005859375
0.0005859375
0.00078125
0.00068359375
0.00068359375
0.00068359375
0.0005859375
0.00048828125
0.0005859375
0.00078125
0.00068359375
0.00068359375
0.00087890625
0.00068359375
0.00068359375
0.0005859375
0.0005859375
0.00048828125
0.0005859375
0.0005859375
0.00029296875
0.00048828125
0.00068359375
0.00068359375
0.00048828125
0.0005859375
0.00068359375
0.00068359375
0.000390625
0.00048828125
0.0005859375
0.0005859375
0.0005859375
0.0005859375
0.0005859375
0.00068359375
0.0005859375
0.00048828125
0.00048828125
0.00068359375
0.00048828125
0.0005859375
0.00078125
0.0005859375
0.0005859375
0.0005859375
0.0005859375
0.00107421875
0.0005859375
0.00068359375
0.00068359375
0.0005859375
0.00048828125
0.0005859375
0.00068359375
9.765625E-05
0.00068359375
0.0005859375
0.0005859375
0.00048828125
0.00068359375
0.00078125
0.00068359375
0.00029296875
0.000390625
0.00068359375
0.00048828125
0.00068359375
0.0005859375
0.0005859375
0.0005859375
0.00068359375
0.0005859375
0.0005859375
0.0005859375
0.00068359375
0.00048828125
0.0005859375
0.00068359375
0.00048828125
0.0005859375
0.0005859375
-0.0001953125
0.00068359375
0.00068359375
0.000390625
0.0005859375
0.00048828125
0.00048828125
0.0005859375
0.00087890625
0.0005859375
0.0005859375
0.0005859375
0.0005859375
0.00048828125
0.00048828125
0.00048828125
0.00078125
0.0005859375
0.0005859375
0.000390625
0.0005859375
0.0005859375
0.0005859375
0.00048828125
0.00068359375
0.00048828125
0.0005859375
0.00048828125
0.0005859375
0.00048828125
0.0005859375
0.00048828125
9.765625E-05
0.00048828125
0.0005859375
0.000390625
0.00048828125
0.00068359375
0.0005859375
0.00048828125
0.0005859375
0.00048828125
0.0005859375
0.00166015625
0.00048828125
0.0005859375
0.0005859375
0.000390625
0.00048828125
0.00048828125
0.0005859375
0.00048828125
0.00048828125
0.00048828125
0.000390625
0.00068359375
0.00048828125
0.0005859375
0.00048828125
0.00087890625
0.0005859375
0.000390625
0.00048828125
0.00048828125
0.00048828125
0.000390625
0.0005859375
0.000390625
0.0005859375
0.00048828125
0.0005859375
0.0005859375
0.00048828125
0.0005859375
0.0005859375
0.00068359375
0.0005859375
0.00048828125
9.765625E-05
0.0005859375
0.000390625
0.00048828125
0.00048828125
0.000390625
0.0005859375
0.0005859375
0.00068359375
0.000390625
0.0005859375
0.00048828125
0.0005859375
0.0005859375
0.0005859375
0.0005859375
0.00068359375
0.000390625
0.0005859375
0.00048828125
0.0005859375
0.00048828125
0.00048828125
0.0005859375
0.0005859375
0.000390625
0.00048828125
0.0005859375
0.00048828125
0.000390625
0.00048828125
0.00048828125
0.0001953125
0.00068359375
0.00048828125
0.00029296875
0.00048828125
0.0005859375
0.00048828125
0.000390625
0.00068359375
0.0005859375
0.000390625
0.00146484375
0.00048828125
0.0005859375
0.0005859375
0.00048828125
0.00048828125
0.0005859375
0.00048828125
0
0.0005859375
0.00048828125
0.00048828125
0.00048828125
0.0005859375
0.00048828125
0.0005859375
0.00078125
0.0005859375
0.000390625
0.00048828125
0.000390625
0.000390625
0.000390625
0.000390625
0.00048828125
0.00048828125
0.0005859375
0.000390625
0.0005859375
0.00048828125
0.000390625
0.00048828125
0.0005859375
0.00048828125
0.00048828125
-0.0001953125
0.00048828125
0.00048828125
0.00048828125
0.00048828125
0.00048828125
0.00048828125
0.00048828125
0.00087890625
0.00048828125
0.00048828125
0.00048828125
0.00048828125
0.00048828125
0.00048828125
0.0005859375
0.00087890625
0.00048828125
0.00048828125
0.00048828125
0.0005859375
0.0005859375
0.00048828125
0.000390625
0.0005859375
0.0005859375
0.00048828125
0.0005859375
0.00048828125
0.00048828125
0.00048828125
0.000390625
9.765625E-05
0.000390625
0.000390625
0.000390625
0.00048828125
0.00048828125
0.0005859375
0.000390625
0.00068359375
0.00048828125
0.00048828125
0.00087890625
0.000390625
0.00048828125
0.000390625
0.00048828125
0.00029296875
0.000390625
0.000390625
0.0005859375
0.00048828125
0.000390625
0.00048828125
0.00048828125
0.000390625
0.000390625
0.000390625
0.0005859375
0.00048828125
0.00048828125
0.000390625
0.00048828125
0.0005859375
0.00029296875
0.00048828125
0.00048828125
0.0005859375
0.00048828125
0.00048828125
0.00029296875
0.00048828125
0.0005859375
0.00048828125
0.0001953125
0.00048828125
0.00048828125
0.00029296875
0.00029296875
0.000390625
0.000390625
0.00048828125
9.765625E-05
0.00029296875
0.000390625
-0.00029296875
0.000390625
0.0005859375
0.00029296875
0.00048828125
0.000390625
0.000390625
0.000390625
0.0005859375
0.000390625
0.000390625
0.000390625
0.00048828125
0.000390625
0.00048828125
0.00029296875
0.00029296875
0.0005859375
0.00048828125
0.00048828125
0.000390625
0.00048828125
0.000390625
0.00029296875
0.0005859375
0.00048828125
0.00029296875
0.00048828125
0.00048828125
0.000390625
0.000390625
0.00029296875
0.00029296875
0.00029296875
0.000390625
-0.00068359375
0.000390625
0.000390625
0.000390625
0.00029296875
0.00048828125
0.000390625
0.000390625
0.00048828125
0.00029296875
0.000390625
0.000390625
0.000390625
0.000390625
0.000390625
0.00048828125
0.0001953125
0.000390625
0.00048828125
0.00048828125
0.000390625
0.000390625
0.000390625
0.000390625
0.00048828125
0.00048828125
0.00029296875
0.000390625
0.000390625
0.000390625
0.000390625
0.000390625
0.00029296875
0.00029296875
0.000390625
-0.00029296875
0.000390625
0.00048828125
0.00029296875
0.000390625
0.00068359375
0.00029296875
0.00029296875
0.001171875
0.00048828125
0.000390625
0.000390625
0.000390625
0.0001953125
0.000390625
0.000390625
0.00029296875
0.000390625
0.00048828125
0.00048828125
0.000390625
0.00048828125
0.000390625
0.00029296875
0.0005859375
0.00029296875
0.00029296875
0.00029296875
0.000390625
0.000390625
0.000390625
0.00029296875
0.0001953125
0.000390625
0.000390625
-0.000390625
0.00029296875
0.000390625
9.765625E-05
0.00029296875
0.000390625
0.00029296875
0.000390625
0.00068359375
0.00048828125
0.000390625
0.000390625
0.00029296875
0.000390625
0.000390625
0.000390625
0.00078125
0.000390625
0.00029296875
0.00029296875
0.000390625
0.00029296875
0.00029296875
0.000390625
0.0001953125
0.000390625
0.000390625
0.00029296875
0.00029296875
0.00029296875
0.00029296875
0.00048828125
0.00029296875
0.00029296875
0.000390625
0.0001953125
0.00029296875
0.00048828125
0.0001953125
0.000390625
0.00048828125
0.000390625
0.000390625
0.000390625
0.00029296875
0.00029296875
0.00029296875
0.000390625
0.00029296875
0.00048828125
0.000390625
0.00087890625
0.000390625
0.00029296875
0.00029296875
0.000390625
0.000390625
0.00029296875
0.00048828125
0.0001953125
0.0001953125
0.00029296875
0.00029296875
0.00029296875
0.000390625
0.00048828125
0.00029296875
0.000390625
0.000390625
0.000390625
-0.00029296875
0.00048828125
0.000390625
0.000390625
0.00029296875
0.00048828125
0.000390625
0.000390625
9.765625E-05
0.000390625
0.000390625
0.00029296875
0.0001953125
0.000390625
0.000390625
0.00029296875
0.00048828125
0.000390625
0.00029296875
0.00048828125
0.00029296875
0.00029296875
0.00029296875
0.000390625
0.00029296875
0.00029296875
0.000390625
0.000390625
0.00048828125
0.0001953125
0.00029296875
0.000390625
0.00029296875
0.00029296875
0.0001953125
0.000390625
0.00029296875
0.000390625
0.00029296875
0.00048828125
0.00048828125
0.000390625
0.000390625
0.0009765625
0.00029296875
0.00029296875
0.00029296875
0.00048828125
0.00029296875
0.0001953125
0.00029296875
-0.0001953125
0.00048828125
0.00029296875
0.000390625
0.000390625
0.0001953125
0.000390625
0.000390625
0.0005859375
0.000390625
0.00029296875
0.0001953125
0.00029296875
0.000390625
0.000390625
0.00029296875
0.0005859375
0.00048828125
0.000390625
0.000390625
0.000390625
0.00029296875
0.00029296875
0.00029296875
0.000390625
0.00029296875
0.0001953125
0.0009765625
0.000390625
0.000390625
0.00029296875
0.000390625
0.0001953125
0.000390625
0.00029296875
0.00048828125
0.0001953125
0.000390625
0.00029296875
0.000390625
0.0001953125
0.0001953125
0.00029296875
0.000390625
0.00029296875
0.00029296875
0.00029296875
0.00029296875
0.000390625
0.000390625
0.000390625
0.000390625
0.000390625
0.000390625
0.00029296875
0.000390625
0.00029296875
0.000390625
0.00029296875
0.000390625
0.000390625
0.000390625
0.00087890625
0.00029296875
0.000390625
0.000390625
0.0001953125
0
0.00029296875
0.00048828125
-0.00078125
0.00029296875
0.00029296875
0.000390625
0.00029296875
0.00029296875
0.00029296875
0.0001953125
0.0009765625
0.00029296875
0.000390625
0.000390625
0.000390625
0.00029296875
0.000390625
0.00029296875
0.0001953125
0.000390625
0.000390625
0.00029296875
0.00029296875
0.000390625
0.00029296875
0.000390625
0.00029296875
0.000390625
0.000390625
0.0001953125
0.00029296875
0.000390625
0.00029296875
0.00029296875
0.0005859375
0.000390625
0.000390625
0.0009765625
0.000390625
0.00029296875
0.000390625
0.0001953125
0.0001953125
0.00029296875
0.000390625
9.765625E-05
0.00029296875
0.000390625
0.000390625
0.00029296875
0.000390625
0.00029296875
0.00029296875
0.00068359375
0.0001953125
0.00029296875
0.00029296875
0.00029296875
0.000390625
0.000390625
0.000390625
0.00048828125
0.000390625
0.0001953125
0.000390625
0.00029296875
0.00029296875
0.00029296875
0.0001953125
9.765625E-05
0.00029296875
0.0001953125
9.765625E-05
0.000390625
0.000390625
0.00029296875
0.000390625
0.00048828125
0.00029296875
0.00029296875
0.0013671875
0.0001953125
0.00029296875
0.000390625
0.00029296875
0.0001953125
0.0001953125
0.0001953125
-0.00029296875
0.00029296875
0.00029296875
0.00029296875
0.00029296875
0.00029296875
0.00048828125
0.000390625
0.000390625
0.0001953125
0.00029296875
0.00029296875
0.000390625
0.0001953125
0.0001953125
0.00029296875
0.0001953125
0.00029296875
0.000390625
0.0001953125
0.000390625
0.00029296875
0.000390625
0.000390625
9.765625E-05
0.00029296875
0.00029296875
-0.00068359375
0.00029296875
0.0001953125
0.000390625
0.000390625
0.00029296875
0.0001953125
0.00029296875
0.0001953125
0.00029296875
0.000390625
0.0001953125
0.0001953125
0.0001953125
0.000390625
0.0001953125
0.00048828125
0.0001953125
0.000390625
0.00029296875
0.00029296875
0.000390625
0.00029296875
0.0001953125
0.00029296875
0.000390625
0.00048828125
0.000390625
0.00029296875
0.00029296875
0.000390625
0.00029296875
0
0.0001953125
0.000390625
-9.765625E-05
0.0001953125
0.0001953125
0.00029296875
0.00029296875
0.000390625
0.00029296875
0.00029296875
0.0013671875
0.0001953125
0.0001953125
0.0001953125
0.00029296875
0.0001953125
0.00029296875
0.00029296875
0.0001953125
0.00029296875
0.00048828125
0.00029296875
0.00029296875
0.0001953125
0.00029296875
0.00029296875
-0.0001953125
0.0001953125
0.0001953125
0.00029296875
0.000390625
0.00029296875
0.00029296875
0.00029296875
0.00048828125
0.00029296875
0.00029296875
0.00029296875
0.0001953125
0.00029296875
0.0001953125
0.0001953125
0.0001953125
0.0001953125
0.00029296875
-0.00078125
0.0001953125
0.00029296875
0.000390625
9.765625E-05
0.0001953125
0.0001953125
0.00029296875
0.00126953125
9.765625E-05
0.00029296875
9.765625E-05
0.0001953125
0.00029296875
0.0001953125
0.00029296875
0.0005859375
0.00029296875
0.00029296875
0.000390625
0.00029296875
0.0001953125
0.00029296875
0.0001953125
-0.0001953125
0.00029296875
0.00029296875
0.0001953125
0.0001953125
0.000390625
0.00029296875
0.00029296875
0
0.00048828125
0.00029296875
9.765625E-05
0.0001953125
0.0001953125
0.00029296875
0.00029296875
0.000390625
0.0001953125
0.00029296875
0.00107421875
9.765625E-05
0.00029296875
0.00029296875
0.00029296875
0.0001953125
0.0001953125
0.00029296875
-0.00068359375
9.765625E-05
0.00029296875
0.00029296875
0.00029296875
0.0001953125
9.765625E-05
0.0001953125
0
0.0001953125
0.000390625
9.765625E-05
0.0001953125
0.000390625
0.000390625
0.0001953125
0.00048828125
9.765625E-05
0.00029296875
0.0001953125
0.00029296875
0.0001953125
0.00029296875
0.00029296875
0.000390625
9.765625E-05
0.00029296875
0.00107421875
0.00029296875
9.765625E-05
0.000390625
0.00029296875
0.000390625
0.00029296875
9.765625E-05
0.00048828125
0.0001953125
0.0001953125
0.0001953125
0.00029296875
0.0001953125
0.00029296875
0.00029296875
0
0.00029296875
0.0001953125
0.0001953125
0.0001953125
9.765625E-05
0.00029296875
0.0001953125
0.0001953125
0.000390625
0.00029296875
0.00029296875
0.0001953125
0.00029296875
0.0001953125
0.0001953125
0.000390625
0.00029296875
0.00029296875
0.001171875
0.0001953125
9.765625E-05
0.00029296875
0.0001953125
0.0001953125
9.765625E-05
9.765625E-05
-0.00029296875
0.0001953125
0.0001953125
0.0001953125
0.00029296875
0.000390625
0.0001953125
0.00029296875
0.00029296875
0.00029296875
0.00029296875
0.0001953125
0.0001953125
0.0001953125
0.0001953125
0.00029296875
0.0001953125
9.765625E-05
0.000390625
0.00029296875
0.00029296875
0.0001953125
9.765625E-05
0.00029296875
9.765625E-05
9.765625E-05
0.00029296875
0
0.0001953125
0.0001953125
0.0001953125
0.00029296875
0.00029296875
0.00029296875
0.0001953125
0.00087890625
0.00029296875
0.00029296875
0.00029296875
0.00029296875
0.0001953125
0.0001953125
0.00029296875
0.00068359375
0.0001953125
0
0.0001953125
0.0001953125
0.0001953125
0.0001953125
0.00029296875
9.765625E-05
0.00029296875
9.765625E-05
0.0001953125
0.0001953125
0.00029296875
0.0001953125
0.00029296875
0.00029296875
0.0001953125
0.0001953125
-9.765625E-05
0.0001953125
0.0001953125
9.765625E-05
0.00029296875
0.0001953125
0.0001953125
9.765625E-05
-0.0001953125
0.0001953125
0.0001953125
0.0001953125
9.765625E-05
0.00029296875
0.0001953125
9.765625E-05
0.00068359375
0.0001953125
9.765625E-05
0.00029296875
0.00029296875
0.0001953125
0.00029296875
0.00029296875
0.00029296875
0.0001953125
0.00029296875
9.765625E-05
0.0001953125
0.0001953125
9.765625E-05
9.765625E-05
0.0001953125
0.0001953125
9.765625E-05
0.00029296875
0.00029296875
0.0001953125
0.000390625
9.765625E-05
0.0001953125
0.0001953125
9.765625E-05
0.0005859375
0.0001953125
0.0001953125
0.0001953125
0.0001953125
9.765625E-05
0.0001953125
0.0001953125
9.765625E-05
0.0001953125
0.000390625
0.00029296875
0.0001953125
0.0001953125
0.00029296875
0.00029296875
0
9.765625E-05
0.0001953125
0.00029296875
0.0001953125
0.000390625
0.00029296875
0.00029296875
0.000390625
0.0001953125
0
0.0001953125
0.0001953125
0.00029296875
9.765625E-05
0.0001953125
0
0.00029296875
0.0001953125
0.00029296875
0.0001953125
0.00029296875
9.765625E-05
9.765625E-05
9.765625E-05
9.765625E-05
9.765625E-05
-0.0009765625
0.0001953125
9.765625E-05
0.0001953125
9.765625E-05
9.765625E-05
0.00029296875
9.765625E-05
0.00078125
0.00029296875
0.00029296875
9.765625E-05
9.765625E-05
9.765625E-05
0.0001953125
0.0001953125
-9.765625E-05
0.0001953125
0.00029296875
0.0001953125
9.765625E-05
0.0001953125
0.0001953125
0.0001953125
0.00029296875
0.0001953125
0.0001953125
9.765625E-05
0.0001953125
0.0001953125
0.0001953125
0.0001953125
0.000390625
0.000390625
0.0001953125
0.00078125
0.0001953125
9.765625E-05
0.0001953125
0.0001953125
9.765625E-05
0.0001953125
0.00029296875
-0.00078125
9.765625E-05
0.0001953125
0.0001953125
0.00029296875
0.00029296875
0.0001953125
0.0001953125
0.00048828125
0.00029296875
9.765625E-05
0.0001953125
0.00029296875
0
0.0001953125
0.0001953125
0
0.0001953125
0.0001953125
0.00029296875
0.00029296875
0.0001953125
0.0001953125
0.0001953125
0.00048828125
0.0001953125
0.0001953125
0.0001953125
9.765625E-05
9.765625E-05
0.00029296875
0.00029296875
9.765625E-05
9.765625E-05
0.0001953125
0
0
9.765625E-05
9.765625E-05
0.00029296875
0.00029296875
0.00029296875
0.0001953125
0.00068359375
0.0001953125
0.00029296875
0.0001953125
0.00029296875
0
0.0001953125
0.00029296875
0.0001953125
9.765625E-05
0.0001953125
0.0001953125
0.00029296875
0.00029296875
0.0001953125
0.0001953125
0.00029296875
0.0001953125
0.0001953125
0.0001953125
0.00029296875
0.0001953125
0.00029296875
0.00029296875
0.0001953125
0.0001953125
9.765625E-05
0.0009765625
0.0001953125
0.0001953125
9.765625E-05
0.0001953125
0.00029296875
0.0001953125
0.00029296875
-0.000390625
0.0001953125
0.00029296875
0.0001953125
9.765625E-05
0.00029296875
0.0001953125
0.00029296875
-0.00029296875
0.0001953125
0.0001953125
9.765625E-05
0.0001953125
0.0001953125
9.765625E-05
0.0001953125
0.00029296875
0.0001953125
9.765625E-05
0.0001953125
0.00029296875
9.765625E-05
0.0001953125
0.00029296875
9.765625E-05
0
9.765625E-05
9.765625E-05
0.0001953125
0.00029296875
0.0001953125
0.0001953125
0
9.765625E-05
0.0001953125
-0.000390625
9.765625E-05
0.00029296875
9.765625E-05
0.0001953125
0.00029296875
0.00029296875
9.765625E-05
0
9.765625E-05
0.0001953125
0.0001953125
9.765625E-05
0.0001953125
0.00029296875
0.0001953125
9.765625E-05
9.765625E-05
9.765625E-05
0.00029296875
0.0001953125
0.00029296875
0.00029296875
0.0001953125
0.0001953125
0.0001953125
9.765625E-05
0.00078125
0.0001953125
9.765625E-05
0.0001953125
0.00029296875
0.00029296875
9.765625E-05
9.765625E-05
0.00078125
0.0001953125
0.0001953125
9.765625E-05
0.0001953125
0.0001953125
9.765625E-05
0.0001953125
0.000390625
9.765625E-05
0.0001953125
0.0001953125
9.765625E-05
0.0001953125
9.765625E-05
0.0001953125
0.00029296875
0.0001953125
0
9.765625E-05
9.765625E-05
0.0001953125
9.765625E-05
0.0001953125
0.0001953125
0.0001953125
0.00029296875
0.00078125
0.00029296875
9.765625E-05
0.0001953125
0.0001953125
0.00048828125
9.765625E-05
0.0001953125
0.0001953125
9.765625E-05
9.765625E-05
0.00029296875
9.765625E-05
9.765625E-05
0.0001953125
0.0001953125
9.765625E-05
0
0
0.00029296875
0.00029296875
9.765625E-05
0.0001953125
0
0.00029296875
0.0001953125
0
9.765625E-05
9.765625E-05
0.0001953125
9.765625E-05
9.765625E-05
0.0001953125
9.765625E-05
0.0001953125
-0.0001953125
0.00029296875
0.0001953125
0.0001953125
0.0001953125
0.00029296875
9.765625E-05
0.0001953125
-9.765625E-05
0.0001953125
0.0001953125
0.0001953125
9.765625E-05
0.0001953125
9.765625E-05
9.765625E-05
0
9.765625E-05
0.00029296875
0.0001953125
0.0001953125
0.00029296875
9.765625E-05
0
0.0001953125
0.0001953125
0
-0.00078125
0.0001953125
9.765625E-05
0.0001953125
0.0001953125
9.765625E-05
0.0001953125
9.765625E-05
-0.00029296875
0.0001953125
9.765625E-05
0
9.765625E-05
0.0001953125
0.00029296875
0
0
0.00029296875
9.765625E-05
9.765625E-05
0.0001953125
0.0001953125
0.0001953125
9.765625E-05
-9.765625E-05
9.765625E-05
0.0001953125
0
9.765625E-05
9.765625E-05
0.0001953125
9.765625E-05
0.0001953125
9.765625E-05
0.00029296875
0.00048828125
0
9.765625E-05
9.765625E-05
0.0001953125
0
9.765625E-05
9.765625E-05
-9.765625E-05
0.0001953125
9.765625E-05
0.0001953125
0.0001953125
9.765625E-05
9.765625E-05
0.0001953125
9.765625E-05
9.765625E-05
0.0001953125
9.765625E-05
9.765625E-05
9.765625E-05
0.0001953125
9.765625E-05
0.0001953125
9.765625E-05
9.765625E-05
0.00078125
0.0001953125
0.0001953125
0.0001953125
9.765625E-05
0
0
9.765625E-05
0.0001953125
9.765625E-05
9.765625E-05
0.0001953125
0
0
9.765625E-05
0.0001953125
-9.765625E-05
0.0001953125
0.0001953125
9.765625E-05
0
0.0001953125
0.0001953125
0
0.0001953125
9.765625E-05
9.765625E-05
0.0009765625
0.0001953125
9.765625E-05
0.0001953125
9.765625E-05
0.0001953125
9.765625E-05
9.765625E-05
0.000390625
0.0001953125
9.765625E-05
0.0001953125
0
-9.765625E-05
9.765625E-05
0.0001953125
-9.765625E-05
9.765625E-05
9.765625E-05
9.765625E-05
9.765625E-05
9.765625E-05
9.765625E-05
9.765625E-05
0.0001953125
9.765625E-05
9.765625E-05
-9.765625E-05
9.765625E-05
0.0001953125
9.765625E-05
0.0001953125
0.0001953125
0
9.765625E-05
0.00078125
9.765625E-05
0.0001953125
9.765625E-05
9.765625E-05
0
0
0
9.765625E-05
9.765625E-05
9.765625E-05
9.765625E-05
0.0001953125
9.765625E-05
9.765625E-05
0
0.0001953125
9.765625E-05
9.765625E-05
0.0001953125
0.0001953125
9.765625E-05
9.765625E-05
0.0001953125
0
9.765625E-05
0.0001953125
-0.00068359375
0.0001953125
0
0.0001953125
0
9.765625E-05
9.765625E-05
0.0001953125
-0.00048828125
0.0001953125
0.0001953125
9.765625E-05
9.765625E-05
0
9.765625E-05
9.765625E-05
-0.00029296875
9.765625E-05
9.765625E-05
9.765625E-05
9.765625E-05
0
0.0001953125
0.00029296875
0.0001953125
0.0001953125
9.765625E-05
-9.765625E-05
0
9.765625E-05
0
0.0001953125
0.0001953125
9.765625E-05
0.0001953125
-0.00029296875
9.765625E-05
0.00029296875
0.0001953125
0.0001953125
9.765625E-05
9.765625E-05
9.765625E-05
9.765625E-05
0.0001953125
0.0001953125
0
9.765625E-05
0.0001953125
0
0.00029296875
0
0
9.765625E-05
9.765625E-05
0.0001953125
9.765625E-05
9.765625E-05
0.0001953125
0.0001953125
0.0001953125
9.765625E-05
0.0001953125
0
9.765625E-05
0.0001953125
0.0001953125
9.765625E-05
0.0001953125
0
0.00048828125
0
9.765625E-05
9.765625E-05
0.0001953125
0
0
0.0001953125
0.0001953125
0.0001953125
0
0
0
0.00029296875
9.765625E-05
0.0001953125
-9.765625E-05
9.765625E-05
9.765625E-05
9.765625E-05
0.0001953125
0.0001953125
0.0001953125
0.0001953125
0.000390625
0
9.765625E-05
0.00048828125
9.765625E-05
0.0001953125
9.765625E-05
9.765625E-05
9.765625E-05
0
9.765625E-05
0.000390625
0.0001953125
9.765625E-05
9.765625E-05
9.765625E-05
0
9.765625E-05
9.765625E-05
-0.000390625
9.765625E-05
0.0001953125
9.765625E-05
9.765625E-05
0
9.765625E-05
0
0.000390625
0
0.0001953125
0.00029296875
0.0001953125
9.765625E-05
0.0001953125
9.765625E-05
-0.00029296875
9.765625E-05
9.765625E-05
-0.0001953125
9.765625E-05
0.0001953125
9.765625E-05
0.0001953125
0.0001953125
9.765625E-05
9.765625E-05
0.0001953125
9.765625E-05
0
9.765625E-05
0
9.765625E-05
0
9.765625E-05
0.00048828125
9.765625E-05
9.765625E-05
9.765625E-05
0.0001953125
0.0001953125
0.0001953125
9.765625E-05
-9.765625E-05
0.0001953125
0
-9.765625E-05
9.765625E-05
9.765625E-05
9.765625E-05
9.765625E-05
0.00048828125
9.765625E-05
0.0001953125
0.0001953125
9.765625E-05
9.765625E-05
9.765625E-05
0.0001953125
9.765625E-05
0.0001953125
9.765625E-05
0
9.765625E-05
9.765625E-05
9.765625E-05
9.765625E-05
0
0.0001953125
9.765625E-05
0.000390625
9.765625E-05
9.765625E-05
9.765625E-05
9.765625E-05
9.765625E-05
0.0001953125
0
0.0001953125
9.765625E-05
9.765625E-05
9.765625E-05
9.765625E-05
0.0001953125
0.0001953125
9.765625E-05
9.765625E-05
0.0001953125
9.765625E-05
9.765625E-05
0
0.0001953125
9.765625E-05
0
9.765625E-05
0.0001953125
9.765625E-05
-0.000390625
0
0
0.0001953125
0
-9.765625E-05
9.765625E-05
0.0001953125
-9.765625E-05
9.765625E-05
0.0001953125
9.765625E-05
0.0001953125
0.00029296875
0.0001953125
9.765625E-05
0.00048828125
0.0001953125
9.765625E-05
0.0001953125
9.765625E-05
0.0001953125
9.765625E-05
-9.765625E-05
-9.765625E-05
0.0001953125
9.765625E-05
9.765625E-05
0
0.0001953125
9.765625E-05
0
0.000390625
9.765625E-05
0
0.00078125
9.765625E-05
0.0001953125
9.765625E-05
-9.765625E-05
0
0.0001953125
0.0001953125
0.0009765625
9.765625E-05
0
9.765625E-05
9.765625E-05
0
9.765625E-05
0
0.00048828125
0.0001953125
9.765625E-05
0
0.0001953125
9.765625E-05
0.0001953125
9.765625E-05
-9.765625E-05
0.0001953125
0.0001953125
-9.765625E-05
9.765625E-05
9.765625E-05
9.765625E-05
0.0001953125
0
0
9.765625E-05
-0.00078125
9.765625E-05
0.0001953125
0
9.765625E-05
0
0
0.0001953125
-0.00048828125
0.0001953125
0
9.765625E-05
9.765625E-05
9.765625E-05
9.765625E-05
0
-0.0001953125
9.765625E-05
0.0001953125
9.765625E-05
0.0001953125
9.765625E-05
9.765625E-05
0
9.765625E-05
9.765625E-05
9.765625E-05
0
9.765625E-05
9.765625E-05
9.765625E-05
0.0001953125
0.0001953125
0
9.765625E-05
-0.00078125
0.0001953125
9.765625E-05
0
0.0001953125
9.765625E-05
0
0
0
0
9.765625E-05
0
0.0001953125
9.765625E-05
0
9.765625E-05
9.765625E-05
9.765625E-05
0.0001953125
9.765625E-05
9.765625E-05
9.765625E-05
0
9.765625E-05
0.000390625
9.765625E-05
0
0
9.765625E-05
0
9.765625E-05
0
0
9.765625E-05
9.765625E-05
-9.765625E-05
0
0.0001953125
0.0001953125
9.765625E-05
9.765625E-05
0
9.765625E-05
-0.0001953125
9.765625E-05
9.765625E-05
0.0001953125
9.765625E-05
9.765625E-05
9.765625E-05
0
9.765625E-05
0
0
9.765625E-05
0
9.765625E-05
0
9.765625E-05
9.765625E-05
0.0001953125
0
-0.0001953125
9.765625E-05
9.765625E-05
0
0
0
9.765625E-05
9.765625E-05
-0.000390625
9.765625E-05
0.0001953125
9.765625E-05
9.765625E-05
0.0001953125
0.0001953125
9.765625E-05
0
9.765625E-05
9.765625E-05
9.765625E-05
0
-9.765625E-05
9.765625E-05
0.0001953125
-9.765625E-05
0.0001953125
9.765625E-05
9.765625E-05
0.0001953125
0.0001953125
0
0
0.0001953125
9.765625E-05
9.765625E-05
0.0013671875
9.765625E-05
0.0001953125
9.765625E-05
0
0
0
0
0.00087890625
0
9.765625E-05
0
0.0001953125
9.765625E-05
9.765625E-05
0
9.765625E-05
9.765625E-05
9.765625E-05
0
0
9.765625E-05
9.765625E-05
9.765625E-05
0.0001953125
0.0001953125
0.0001953125
-0.0009765625
0
0
9.765625E-05
9.765625E-05
0
0.0001953125
0
0.00048828125
0
0
9.765625E-05
9.765625E-05
9.765625E-05
9.765625E-05
9.765625E-05
9.765625E-05
9.765625E-05
9.765625E-05
0
0.0001953125
9.765625E-05
9.765625E-05
-9.765625E-05
0.0001953125
0
0
0
0.00029296875
0
9.765625E-05
9.765625E-05
9.765625E-05
9.765625E-05
0
-0.000390625
0.0001953125
0.0001953125
0
9.765625E-05
9.765625E-05
0
0
0.0005859375
0
0.0001953125
0
9.765625E-05
9.765625E-05
9.765625E-05
9.765625E-05
0
0
9.765625E-05
0.0001953125
9.765625E-05
-9.765625E-05
0
9.765625E-05
-9.765625E-05
0
0
0.00048828125
0.0001953125
9.765625E-05
0
0.0001953125
0.0001953125
-9.765625E-05
0
-0.00029296875
0
9.765625E-05
9.765625E-05
0.0001953125
-9.765625E-05
9.765625E-05
9.765625E-05
-9.765625E-05
9.765625E-05
9.765625E-05
9.765625E-05
0
9.765625E-05
0
0
0.0001953125
0
9.765625E-05
0
0
0
0.0001953125
9.765625E-05
-9.765625E-05
9.765625E-05
0
-0.0009765625
9.765625E-05
9.765625E-05
9.765625E-05
0
0
9.765625E-05
0
-0.00048828125
0.0001953125
9.765625E-05
9.765625E-05
9.765625E-05
9.765625E-05
0
0
0
0
9.765625E-05
9.765625E-05
0
9.765625E-05
0
9.765625E-05
-9.765625E-05
9.765625E-05
9.765625E-05
0.00048828125
0
9.765625E-05
0
0
0.0001953125
0
9.765625E-05
0
0.0001953125
0.0001953125
0
0
0
0
9.765625E-05
-0.0005859375
0
9.765625E-05
9.765625E-05
0
0
9.765625E-05
0
0.0001953125
9.765625E-05
0.0001953125
0
0
9.765625E-05
0
0
-0.0005859375
0.0001953125
0
-0.00029296875
0
9.765625E-05
0
9.765625E-05
0.0001953125
9.765625E-05
9.765625E-05
-0.00068359375
0.0001953125
9.765625E-05
0
0
9.765625E-05
0
9.765625E-05
0.0005859375
9.765625E-05
9.765625E-05
-9.765625E-05
-9.765625E-05
0.0001953125
9.765625E-05
0
-0.0001953125
9.765625E-05
0
0
9.765625E-05
9.765625E-05
9.765625E-05
9.765625E-05
0
0
9.765625E-05
9.765625E-05
0
0.0001953125
0.0001953125
0.0001953125
0.0001953125
0
0
0.00068359375
0.0001953125
0
0
0
9.765625E-05
0
0
-0.000390625
9.765625E-05
0
0
9.765625E-05
0.0001953125
9.765625E-05
0
0.0001953125
9.765625E-05
0
0.0001953125
9.765625E-05
-9.765625E-05
0
0
0
0
9.765625E-05
9.765625E-05
9.765625E-05
9.765625E-05
0
0
0
0
9.765625E-05
-0.00029296875
0
0.0001953125
0
0
9.765625E-05
9.765625E-05
9.765625E-05
0.00068359375
0
-9.765625E-05
0.0001953125
-9.765625E-05
0.0001953125
0
0
-0.00048828125
0
0
9.765625E-05
0
0.0001953125
9.765625E-05
0.0001953125
0.00029296875
0.0001953125
9.765625E-05
9.765625E-05
9.765625E-05
0
0
0.0001953125
9.765625E-05
9.765625E-05
0
9.765625E-05
9.765625E-05
0.0001953125
0
0.0001953125
0
-9.765625E-05
0
-0.001171875
0
9.765625E-05
9.765625E-05
9.765625E-05
0.0001953125
0.000390625
0
0.0005859375
0
0
9.765625E-05
0
-9.765625E-05
-9.765625E-05
-9.765625E-05
-0.00048828125
0
0.0001953125
9.765625E-05
-9.765625E-05
9.765625E-05
9.765625E-05
9.765625E-05
0.00029296875
9.765625E-05
0
0
9.765625E-05
0
0
0
0.0001953125
-0.0001953125
-9.765625E-05
9.765625E-05
9.765625E-05
9.765625E-05
0
0
0
9.765625E-05
0
-0.00107421875
0
9.765625E-05
-9.765625E-05
0
0
0
0
0.00068359375
9.765625E-05
-9.765625E-05
0
0
9.765625E-05
0
0
-0.0001953125
0.0001953125
0
9.765625E-05
0
0
9.765625E-05
0.0001953125
9.765625E-05
0
-9.765625E-05
9.765625E-05
0
0.0001953125
9.765625E-05
0
9.765625E-05
9.765625E-05
0
0.00068359375
-9.765625E-05
0
9.765625E-05
9.765625E-05
-9.765625E-05
0
0
-0.00107421875
0
9.765625E-05
9.765625E-05
0
9.765625E-05
9.765625E-05
9.765625E-05
0.0005859375
0
0
0
-9.765625E-05
0
0
0
-0.00029296875
0
9.765625E-05
0
-9.765625E-05
0
9.765625E-05
0
9.765625E-05
9.765625E-05
0
9.765625E-05
0
0
9.765625E-05
0
-0.0001953125
9.765625E-05
9.765625E-05
-0.00107421875
9.765625E-05
0
0
0
9.765625E-05
0
0
0.00029296875
9.765625E-05
0
0.0001953125
0
9.765625E-05
0
0
-0.000390625
9.765625E-05
9.765625E-05
0
0
9.765625E-05
0
0
9.765625E-05
0
0
0
0
-9.765625E-05
0
9.765625E-05
-9.765625E-05
0
9.765625E-05
0.0001953125
0
9.765625E-05
0
9.765625E-05
9.765625E-05
9.765625E-05
0
0.0005859375
9.765625E-05
-9.765625E-05
0
0
-9.765625E-05
-9.765625E-05
0
0.0001953125
0
0
0
0
9.765625E-05
0
0
-9.765625E-05
9.765625E-05
-9.765625E-05
0
0
0
-9.765625E-05
0
-0.00029296875
0
0
-0.0001953125
0
9.765625E-05
0
9.765625E-05
9.765625E-05
9.765625E-05
0
0.00029296875
0
0
0
0
9.765625E-05
0
0
0.00048828125
-9.765625E-05
9.765625E-05
9.765625E-05
0
9.765625E-05
0
9.765625E-05
0.00029296875
-9.765625E-05
0
9.765625E-05
9.765625E-05
-9.765625E-05
9.765625E-05
0.0001953125
0.00029296875
0
0
9.765625E-05
0
0
9.765625E-05
9.765625E-05
9.765625E-05
0
-9.765625E-05
0.001171875
9.765625E-05
0
0
-9.765625E-05
0.0001953125
0.0001953125
9.765625E-05
0.0005859375
9.765625E-05
-9.765625E-05
0
9.765625E-05
0
0
0
-9.765625E-05
9.765625E-05
-9.765625E-05
0
9.765625E-05
9.765625E-05
9.765625E-05
9.765625E-05
0
0
0.0001953125
-9.765625E-05
9.765625E-05
-9.765625E-05
0
0
9.765625E-05
0
0
-0.00048828125
9.765625E-05
0
0
0
9.765625E-05
0
0
0.0005859375
0.0001953125
9.765625E-05
9.765625E-05
0
0
0
0
-0.00029296875
9.765625E-05
-9.765625E-05
-9.765625E-05
0
0
0
0
-9.765625E-05
-9.765625E-05
0
0
0
-9.765625E-05
-0.0001953125
9.765625E-05
0.0001953125
0
9.765625E-05
0.00048828125
9.765625E-05
-9.765625E-05
-9.765625E-05
9.765625E-05
-9.765625E-05
0
0.0001953125
-0.00087890625
0
9.765625E-05
9.765625E-05
-9.765625E-05
0
9.765625E-05
0
0.00068359375
9.765625E-05
-9.765625E-05
-9.765625E-05
0
0
9.765625E-05
9.765625E-05
-0.0001953125
9.765625E-05
9.765625E-05
0
-9.765625E-05
9.765625E-05
9.765625E-05
-9.765625E-05
0
0
0
0
0
0
0
0
9.765625E-05
0.0001953125
-9.765625E-05
0.00107421875
9.765625E-05
0
0
0
0
0
0
-0.00078125
9.765625E-05
-9.765625E-05
0
-9.765625E-05
0
0
9.765625E-05
0.000390625
-9.765625E-05
-9.765625E-05
0
-9.765625E-05
0
9.765625E-05
0.0001953125
-9.765625E-05
9.765625E-05
0
0.0001953125
0
9.765625E-05
-9.765625E-05
-9.765625E-05
0.0001953125
0
9.765625E-05
-0.000390625
-9.765625E-05
0
9.765625E-05
-9.765625E-05
0
0.0001953125
0
-0.0001953125
0
0
9.765625E-05
-9.765625E-05
9.765625E-05
0
0
9.765625E-05
0
9.765625E-05
0
-9.765625E-05
9.765625E-05
0
9.765625E-05
-9.765625E-05
0
9.765625E-05
0
0
9.765625E-05
9.765625E-05
9.765625E-05
-9.765625E-05
9.765625E-05
9.765625E-05
0
9.765625E-05
9.765625E-05
0.0001953125
9.765625E-05
0.0001953125
9.765625E-05
9.765625E-05
9.765625E-05
0
0
9.765625E-05
0
0
0
9.765625E-05
0.000390625
9.765625E-05
9.765625E-05
0.0001953125
-9.765625E-05
0
0
0
-0.00029296875
-9.765625E-05
0
0
0
0
0
-9.765625E-05
9.765625E-05
-9.765625E-05
0
0
9.765625E-05
0
0
-9.765625E-05
-9.765625E-05
9.765625E-05
0
-0.00087890625
0
9.765625E-05
0
9.765625E-05
9.765625E-05
0
0
0.00068359375
-9.765625E-05
-9.765625E-05
0.0001953125
0
-9.765625E-05
-9.765625E-05
9.765625E-05
-0.000390625
0.0001953125
9.765625E-05
-9.765625E-05
0.0001953125
0
-9.765625E-05
9.765625E-05
0.00029296875
0
0
0
0
9.765625E-05
0
0
-0.00029296875
-9.765625E-05
0
0
0
0
9.765625E-05
0
9.765625E-05
-9.765625E-05
9.765625E-05
0.00087890625
0
-9.765625E-05
0
9.765625E-05
0
0
0
-0.00029296875
0
0
-9.765625E-05
0
0
-9.765625E-05
9.765625E-05
0.0001953125
0
-9.765625E-05
0
0
0
9.765625E-05
-9.765625E-05
9.765625E-05
0
0
0
-0.0001953125
0
9.765625E-05
-9.765625E-05
-0.0001953125
9.765625E-05
0
-0.000390625
-9.765625E-05
0
0
0
0.0001953125
0
9.765625E-05
0.000390625
0
9.765625E-05
0
0
-9.765625E-05
0
0
-0.00048828125
0
0
9.765625E-05
-9.765625E-05
9.765625E-05
9.765625E-05
-9.765625E-05
0.00029296875
0
0
-9.765625E-05
0
0
9.765625E-05
9.765625E-05
-0.000390625
0
9.765625E-05
-9.765625E-05
-9.765625E-05
0
0
0
0.0001953125
0
9.765625E-05
0.0009765625
0
0
9.765625E-05
-9.765625E-05
-0.0001953125
0
0
-0.00048828125
0
0
-9.765625E-05
0
9.765625E-05
9.765625E-05
0
0
0
9.765625E-05
-9.765625E-05
0
-9.765625E-05
0
-9.765625E-05
0
-9.765625E-05
0
-9.765625E-05
0
-9.765625E-05
0
0
-0.0001953125
0
9.765625E-05
-0.001171875
0
0
0
0
-0.0001953125
0
0
9.765625E-05
0
0
0
0
-9.765625E-05
0
9.765625E-05
9.765625E-05
9.765625E-05
0
0
0
0
-9.765625E-05
0
0
-9.765625E-05
0
0
0
0
0
0
9.765625E-05
0
9.765625E-05
-0.00029296875
-9.765625E-05
0
0
9.765625E-05
9.765625E-05
-9.765625E-05
0
0.00029296875
-9.765625E-05
-9.765625E-05
9.765625E-05
0
0
0
9.765625E-05
9.765625E-05
0
-9.765625E-05
0
-9.765625E-05
0
9.765625E-05
-9.765625E-05
-0.0001953125
-9.765625E-05
-9.765625E-05
-0.0001953125
0
-9.765625E-05
9.765625E-05
-9.765625E-05
0
0
-9.765625E-05
-0.0009765625
0
9.765625E-05
0
-9.765625E-05
0
0
0
0.00048828125
9.765625E-05
9.765625E-05
0
9.765625E-05
-9.765625E-05
0
9.765625E-05
0.00029296875
0
0
0
0
9.765625E-05
0
9.765625E-05
0
0
0
-9.765625E-05
0
-9.765625E-05
0
0
0
0
9.765625E-05
-0.00107421875
0
0
0
9.765625E-05
-0.0001953125
0
0
-0.000390625
9.765625E-05
0
0
-9.765625E-05
0
-9.765625E-05
0
9.765625E-05
-9.765625E-05
0
0
-0.0001953125
0
0
-9.765625E-05
-9.765625E-05
0
0
0
0
0
0
0
9.765625E-05
-9.765625E-05
0
0.00107421875
9.765625E-05
0
-9.765625E-05
0
9.765625E-05
9.765625E-05
0
0.000390625
-9.765625E-05
0
9.765625E-05
0
0
-9.765625E-05
0
-0.00029296875
9.765625E-05
0
9.765625E-05
0
0
-9.765625E-05
0
9.765625E-05
0
-9.765625E-05
9.765625E-05
9.765625E-05
-9.765625E-05
0
9.765625E-05
0
0
0
-9.765625E-05
-0.0001953125
-9.765625E-05
0
-9.765625E-05
9.765625E-05
-9.765625E-05
0
0.000390625
-9.765625E-05
0
9.765625E-05
0
-0.0001953125
0
0
0
-9.765625E-05
0
0
-9.765625E-05
-9.765625E-05
0
0
-0.00029296875
0
0
-9.765625E-05
0
0
0
0
0.0001953125
-9.765625E-05
0
0
0
0
0
0
0
9.765625E-05
0
0.0001953125
0
0
-9.765625E-05
-9.765625E-05
9.765625E-05
0
9.765625E-05
-0.00078125
0
0
0
0
0.00029296875
0
0.0001953125
0.00029296875
0
0
-9.765625E-05
0
9.765625E-05
0
0
-9.765625E-05
0
-9.765625E-05
0
0
0
0
0
-0.000390625
-9.765625E-05
0
-0.0001953125
0
0
0
0
0.0001953125
0
0
0.0009765625
0
9.765625E-05
0
0
0
0
-9.765625E-05
-0.00068359375
0
9.765625E-05
0
-0.0001953125
9.765625E-05
0
0
9.765625E-05
-9.765625E-05
-9.765625E-05
0
-9.765625E-05
0
0
0
0
-0.0001953125
0
0
9.765625E-05
0
9.765625E-05
0
-9.765625E-05
0
9.765625E-05
-0.0005859375
9.765625E-05
0
-0.0001953125
0
-9.765625E-05
0
0
-9.765625E-05
-9.765625E-05
0
0
0
9.765625E-05
0
9.765625E-05
0.000390625
9.765625E-05
0
0
0
0.0001953125
-9.765625E-05
0
-9.765625E-05
9.765625E-05
0
0
-0.0001953125
9.765625E-05
0
0
0.0001953125
0
-0.0001953125
9.765625E-05
9.765625E-05
0
-9.765625E-05
-9.765625E-05
-9.765625E-05
0
-9.765625E-05
-0.00048828125
9.765625E-05
-9.765625E-05
0
9.765625E-05
9.765625E-05
-9.765625E-05
0
9.765625E-05
0
0
-9.765625E-05
9.765625E-05
9.765625E-05
0
0
-9.765625E-05
0
-9.765625E-05
9.765625E-05
0
0
0
0
9.765625E-05
-9.765625E-05
-9.765625E-05
0
0
-9.765625E-05
-9.765625E-05
9.765625E-05
0
-9.765625E-05
-9.765625E-05
-0.0009765625
0
0
9.765625E-05
0
-0.0001953125
0
9.765625E-05
0.000390625
0
0
0
0
0
0
0
0
-9.765625E-05
0
0
-9.765625E-05
9.765625E-05
-9.765625E-05
0
-9.765625E-05
9.765625E-05
9.765625E-05
0
-9.765625E-05
9.765625E-05
0
-9.765625E-05
0.0001953125
9.765625E-05
0
0.00048828125
0
0
0
0
0.0001953125
0
9.765625E-05
0.0005859375
0
0
9.765625E-05
0
-9.765625E-05
0.0001953125
0
0.0001953125
-9.765625E-05
0
-9.765625E-05
-9.765625E-05
0
9.765625E-05
-9.765625E-05
0
0
-9.765625E-05
0
0
0
9.765625E-05
0
-0.0001953125
-9.765625E-05
0
-0.00048828125
9.765625E-05
0
0
0
-0.0001953125
0
0
0
9.765625E-05
0
0
0
0
-9.765625E-05
-9.765625E-05
-9.765625E-05
0
0
-9.765625E-05
9.765625E-05
-9.765625E-05
0
0
-9.765625E-05
0
0
-0.00029296875
9.765625E-05
9.765625E-05
-9.765625E-05
0
0
0.0001953125
0
0.0001953125
0
9.765625E-05
0
0
-0.0001953125
0
0
0.00048828125
0
0
0
-9.765625E-05
-9.765625E-05
0
-9.765625E-05
9.765625E-05
-9.765625E-05
-0.0001953125
0
-9.765625E-05
-9.765625E-05
-9.765625E-05
0
9.765625E-05
0
-9.765625E-05
0.000390625
-9.765625E-05
-9.765625E-05
-9.765625E-05
0
9.765625E-05
0
0
-0.00078125
9.765625E-05
0
0
9.765625E-05
9.765625E-05
-9.765625E-05
0.0001953125
-0.0001953125
0
-9.765625E-05
9.765625E-05
0
-9.765625E-05
0
0
-0.0001953125
0
0
0.00048828125
0
0
0
9.765625E-05
9.765625E-05
0
-9.765625E-05
0.0001953125
0
0
-0.0001953125
0.0001953125
-0.0001953125
9.765625E-05
0
-0.0001953125
9.765625E-05
9.765625E-05
-9.765625E-05
0
0
-9.765625E-05
0
-0.00029296875
0
0
0
0
0
9.765625E-05
0
9.765625E-05
-9.765625E-05
-9.765625E-05
0.00087890625
-9.765625E-05
0
9.765625E-05
9.765625E-05
9.765625E-05
0
0
-0.0005859375
0
0
-9.765625E-05
9.765625E-05
-9.765625E-05
0
-9.765625E-05
-9.765625E-05
0
-9.765625E-05
0
-9.765625E-05
0
-9.765625E-05
-9.765625E-05
9.765625E-05
9.765625E-05
9.765625E-05
0.0001953125
-9.765625E-05
9.765625E-05
0
0
0
-9.765625E-05
0
-0.0005859375
-9.765625E-05
0
-9.765625E-05
0
0
0
-9.765625E-05
9.765625E-05
-0.0001953125
0
-9.765625E-05
0
0
0
-9.765625E-05
-9.765625E-05
0
9.765625E-05
0.00029296875
0
0
0
-9.765625E-05
-0.00029296875
0
0
-0.0005859375
0
9.765625E-05
0
-9.765625E-05
0
0
-0.00029296875
-9.765625E-05
-9.765625E-05
0
-9.765625E-05
0
0
0
0
0.0001953125
0
0
-0.0001953125
-9.765625E-05
-9.765625E-05
9.765625E-05
9.765625E-05
-0.0001953125
-9.765625E-05
9.765625E-05
-0.0001953125
0
-9.765625E-05
0
-9.765625E-05
0
0
9.765625E-05
0.00048828125
0
0
0
9.765625E-05
0.0001953125
0
0
0.0001953125
9.765625E-05
-9.765625E-05
-9.765625E-05
9.765625E-05
0
0
9.765625E-05
-0.0001953125
-0.0001953125
0
-0.001171875
0
0
-9.765625E-05
0
9.765625E-05
0
0
-0.00029296875
0
-9.765625E-05
-9.765625E-05
-9.765625E-05
0
-9.765625E-05
9.765625E-05
-0.0001953125
-9.765625E-05
-9.765625E-05
-9.765625E-05
9.765625E-05
-0.0001953125
9.765625E-05
0
0.00029296875
0
-9.765625E-05
-0.0001953125
0
0
9.765625E-05
0
0
0
0
-0.001171875
9.765625E-05
0
-9.765625E-05
-9.765625E-05
0
9.765625E-05
0
-0.0005859375
0.0001953125
-9.765625E-05
0
-9.765625E-05
0
0
-9.765625E-05
9.765625E-05
0
0
0
-9.765625E-05
0
-9.765625E-05
0
-0.000390625
-9.765625E-05
9.765625E-05
-0.0001953125
0
9.765625E-05
0
0
0
0
0
-0.00107421875
9.765625E-05
-9.765625E-05
-9.765625E-05
0
9.765625E-05
0
-9.765625E-05
0.00068359375
0
-9.765625E-05
-9.765625E-05
9.765625E-05
9.765625E-05
-9.765625E-05
9.765625E-05
-0.0001953125
9.765625E-05
-9.765625E-05
-9.765625E-05
-9.765625E-05
-9.765625E-05
0
0
0.0001953125
0
0
-9.765625E-05
0
0
0
0
0
-9.765625E-05
0
-0.0009765625
-9.765625E-05
-9.765625E-05
0
0
9.765625E-05
-9.765625E-05
0
9.765625E-05
9.765625E-05
-0.0001953125
-9.765625E-05
-9.765625E-05
0
0
9.765625E-05
-0.00029296875
-0.0001953125
9.765625E-05
0
9.765625E-05
0
9.765625E-05
9.765625E-05
-9.765625E-05
-9.765625E-05
0
0
9.765625E-05
9.765625E-05
-9.765625E-05
0
0.00029296875
0
0
0.0001953125
9.765625E-05
-9.765625E-05
9.765625E-05
0
9.765625E-05
0
0
-0.0009765625
0
0
0
0
9.765625E-05
0
0
-0.00029296875
-0.0001953125
9.765625E-05
9.765625E-05
9.765625E-05
0
-9.765625E-05
0
9.765625E-05
-9.765625E-05
0
0
-0.0001953125
0
-9.765625E-05
9.765625E-05
-0.0001953125
-9.765625E-05
0
0
9.765625E-05
9.765625E-05
9.765625E-05
0
0.0001953125
-0.0001953125
-9.765625E-05
0.00126953125
0
0
-9.765625E-05
-9.765625E-05
0
-9.765625E-05
-0.0001953125
-0.00078125
0
0
-9.765625E-05
-0.0001953125
9.765625E-05
0
-9.765625E-05
0.00029296875
0
9.765625E-05
-9.765625E-05
9.765625E-05
0
0
0
-9.765625E-05
0
9.765625E-05
-9.765625E-05
0
0
0
0
0.00029296875
0
-9.765625E-05
0.00068359375
0
0
-9.765625E-05
0
0
0
0
-0.00029296875
0
-9.765625E-05
0
0
9.765625E-05
9.765625E-05
-9.765625E-05
0.00048828125
9.765625E-05
-9.765625E-05
-9.765625E-05
0
0.0001953125
0
0
-0.0001953125
0
-9.765625E-05
-0.0001953125
-0.0001953125
0
-9.765625E-05
-9.765625E-05
0.0001953125
0
9.765625E-05
-9.765625E-05
-9.765625E-05
-0.0001953125
0
-0.0001953125
-0.0001953125
0
-9.765625E-05
-0.00107421875
0
0
0
-0.00029296875
-0.0001953125
0
0
-0.00048828125
0
-0.0001953125
-9.765625E-05
0
0
0
-9.765625E-05
0
0
0
-0.0001953125
-9.765625E-05
0
0
-0.0001953125
-0.00029296875
0
0
0
0
-9.765625E-05
9.765625E-05
0
0
-9.765625E-05
9.765625E-05
9.765625E-05
9.765625E-05
-0.0001953125
-9.765625E-05
0
9.765625E-05
0
-9.765625E-05
0.000390625
0
0
0
0
0
-9.765625E-05
0
-9.765625E-05
-9.765625E-05
-9.765625E-05
0
-9.765625E-05
0
0
-9.765625E-05
0
-9.765625E-05
-9.765625E-05
0
9.765625E-05
0
0
9.765625E-05
9.765625E-05
-9.765625E-05
0
0.00107421875
9.765625E-05
0
0
-0.0001953125
9.765625E-05
0
0
0.00029296875
-9.765625E-05
0
-9.765625E-05
-9.765625E-05
-9.765625E-05
0
0
-9.765625E-05
9.765625E-05
-9.765625E-05
0
-9.765625E-05
0
-9.765625E-05
0
0
-9.765625E-05
0
0
9.765625E-05
0
0
-0.0001953125
9.765625E-05
9.765625E-05
-9.765625E-05
-0.0001953125
9.765625E-05
-0.0001953125
0
0
9.765625E-05
-9.765625E-05
9.765625E-05
0.0005859375
0
0
-9.765625E-05
0
-9.765625E-05
-9.765625E-05
9.765625E-05
0.0001953125
0
-9.765625E-05
0
0
0
-9.765625E-05
-0.0001953125
-0.0001953125
0
-9.765625E-05
-9.765625E-05
-9.765625E-05
-9.765625E-05
9.765625E-05
9.765625E-05
-9.765625E-05
-0.0001953125
-9.765625E-05
-0.0009765625
9.765625E-05
-0.0001953125
0
0
-9.765625E-05
0
0
-0.00068359375
-9.765625E-05
-9.765625E-05
-9.765625E-05
-9.765625E-05
-9.765625E-05
-0.0001953125
0
0
-9.765625E-05
0
-9.765625E-05
9.765625E-05
-9.765625E-05
-9.765625E-05
-9.765625E-05
-9.765625E-05
0
-9.765625E-05
0
0
0
-9.765625E-05
0
-9.765625E-05
0
-9.765625E-05
-0.0009765625
-9.765625E-05
0
-9.765625E-05
0
-0.0001953125
-9.765625E-05
0
-0.00107421875
0
0
9.765625E-05
-9.765625E-05
-0.0001953125
0
0
-0.00048828125
0
0
0
9.765625E-05
-9.765625E-05
0
0
-9.765625E-05
-9.765625E-05
9.765625E-05
0
9.765625E-05
0
0
0
0.0001953125
-9.765625E-05
9.765625E-05
0.00107421875
0
-9.765625E-05
-9.765625E-05
0
0
0
9.765625E-05
-0.00078125
-9.765625E-05
0
0
-9.765625E-05
0
-0.0001953125
-9.765625E-05
-0.000390625
0
-9.765625E-05
-9.765625E-05
-9.765625E-05
0
0
0
0
-9.765625E-05
-9.765625E-05
0
-0.0001953125
0
-9.765625E-05
0
-0.00029296875
0
-9.765625E-05
-0.0001953125
9.765625E-05
0
-9.765625E-05
-9.765625E-05
0
0
0
-0.0009765625
-9.765625E-05
0
0
-9.765625E-05
9.765625E-05
-9.765625E-05
-9.765625E-05
0.00078125
